1.36899
-0.649113
0.135668
0.461076
1.76244
1.36581
1.62549
0.332781
3.12535
2.84038
2.70606
0.470409
-0.130006
-1.57228
-0.513462
1.51643
-0.404476
0.0232283
2.75875
1.66486
2.37795
0.345546
-0.645991
-1.0587
0.338563
0.910241
0.267954
-0.737457
1.73229
2.29141
1.72508
1.99474
0.497657
-4.23499
0.442749
3.70548
1.24417
1.26559
1.50245
-1.16422
1.91721
0.361524
0.774124
0.773073
2.7568
2.04321
2.73563
-0.65109
2.73342
1.937
1.77412
1.3489
1.1772
1.62128
2.73153
1.67993
2.29801
0.122179
1.9473
1.77682
0.629738
0.990988
0.627614
3.56308
3.27586
-0.226079
-0.906839
-0.603095
2.08486
5.34332
0.99422
1.55727
1.44123
3.16015
2.03445
-1.14631
-0.680581
0.49223
-0.233371
3.55807
-0.169906
-0.0323813
1.11872
1.92821
-2.79493
-0.456051
-0.726914
0.238091
3.64656
1.30403
1.68511
1.07362
2.11079
1.41945
1.46644
1.35243
2.18287
1.29293
2.38141
0.925098
1.26471
1.03863
0.612952
-0.628988
1.45322
1.6604
1.8658
0.652146
-0.077172
-0.683677
-1.71319
1.40833
4.57685
3.87089
-4.9463
-1.33184
-2.95405
2.95833
2.71809
-0.836685
3.21134
1.27243
2.58047
1.14884
-0.51297
-0.234168
-3.72256
-1.27902
-2.93761
-1.41015
1.58518
1.75086
1.68198
1.76225
2.22312
-0.175996
0.387398
-0.172868
-0.0689019
2.08904
0.964998
1.1581
2.91973
2.80596
1.21548
0.761628
1.63548
1.19925
2.31562
1.85182
3.51558
3.13904
4.20661
0.211422
0.96196
-1.36178
-5.25324
-0.0143912
-3.51275
0.408647
1.00866
2.7679
4.23979
1.06456
1.72974
-1.30513
-4.91545
1.02178
-2.10608
-0.408528
0.932268
1.86863
2.33589
2.23608
0.78365
-0.744828
-0.68973
0.146248
0.40177
2.31059
-3.6983
-0.619201
3.80363
2.16857
-1.70317
-2.37564
1.5874
1.95007
1.80525
-2.78066
1.54291
0.554382
0.951843
2.97052
-2.98062
-1.51005
0.0682864
-0.304604
0.446533
2.91379
