1.09116
0.730965
0.990708
1.11552
0.946921
0.711546
0.959556
1.02097
0.681883
0.795413
1.01529
1.05965
0.962323
0.818383
0.811225
1.05255
0.929595
0.772665
0.843443
1.02053
1.01529
1.05965
0.962323
0.818383
0.811225
1.05255
0.929595
0.772665
0.843443
1.02053
0.0652443
-3.12511
-3.10531
4.15735
1.05565
0.672188
-2.86183
-1.74431
-4.51008
0.977909
0.0652443
-3.12511
-3.10531
4.15735
1.05565
0.672188
-2.86183
-1.74431
-4.51008
0.977909
2.03136
-2.06998
5.36925
0.0586643
0.720566
2.54409
2.13418
0.398903
1.25385
-4.13905
2.03136
-2.06998
5.36925
0.0586643
0.720566
2.54409
2.13418
0.398903
1.25385
-4.13905
0.193388
0.923856
0.715041
0.774036
0.707626
0.90499
0.906747
0.836907
0.922773
1.10665
0.193388
0.923856
0.715041
0.774036
0.707626
0.90499
0.906747
0.836907
0.922773
1.10665
0.936731
0.847842
1.166
0.979619
1.12325
1.06724
0.808027
0.711092
0.818648
1.12669
0.936731
0.847842
1.166
0.979619
1.12325
1.06724
0.808027
0.711092
0.818648
1.12669
4.3277
-4.78828
2.31909
5.27371
5.20222
5.46878
5.44824
4.06618
-10.0038
-0.0840233
4.3277
-4.78828
2.31909
5.27371
5.20222
5.46878
5.44824
4.06618
-10.0038
-0.0840233
1.84634
-14.7829
-2.89257
4.12654
1.31594
-2.63187
-2.0301
1.74961
-12.7836
-6.12511
1.84634
-14.7829
-2.89257
4.12654
1.31594
-2.63187
-2.0301
1.74961
-12.7836
-6.12511
0.203184
0.201848
0.904067
0.924212
1.05996
1.0615
0.993026
0.782534
0.883012
0.715005
0.203184
0.201848
0.904067
0.924212
1.05996
1.0615
0.993026
0.782534
0.883012
0.715005
0.905261
1.02728
1.14992
1.1108
0.994631
1.1755
1.16954
0.74798
0.847863
0.770697
0.905261
1.02728
1.14992
1.1108
0.994631
1.1755
1.16954
0.74798
0.847863
0.770697
-0.177299
2.73036
-1.58241
3.89884
-1.3011
-3.04283
-6.777
-4.34587
-0.441308
0.444711
-0.177299
2.73036
-1.58241
3.89884
-1.3011
-3.04283
-6.777
-4.34587
-0.441308
0.444711
3.74919
0.347574
1.00514
-1.98077
-1.36678
5.39772
4.89782
-1.08693
9.98698
-4.50622
3.74919
0.347574
1.00514
-1.98077
-1.36678
5.39772
4.89782
-1.08693
9.98698
-4.50622
0.201579
0.208589
0.217469
0.942084
1.04761
1.01339
1.13004
1.05067
0.802915
1.1934
0.201579
0.208589
0.217469
0.942084
1.04761
1.01339
1.13004
1.05067
0.802915
1.1934
1.08396
0.882199
1.2134
1.07304
1.02924
0.874942
0.983522
0.932248
1.11164
1.01486
1.08396
0.882199
1.2134
1.07304
1.02924
0.874942
0.983522
0.932248
1.11164
1.01486
0.701471
9.28345
7.61928
8.79292
-3.09149
-3.75295
-7.54542
-4.68112
1.60429
-1.8714
0.701471
9.28345
7.61928
8.79292
-3.09149
-3.75295
-7.54542
-4.68112
1.60429
-1.8714
1.91863
-4.94872
5.52309
-1.71706
-4.36588
7.93517
3.06329
-2.80283
-5.21662
0.685567
1.91863
-4.94872
5.52309
-1.71706
-4.36588
7.93517
3.06329
-2.80283
-5.21662
0.685567
0.251337
0.251881
0.264004
0.306622
0.894903
0.899478
0.995681
1.26757
0.796408
0.917499
0.251337
0.251881
0.264004
0.306622
0.894903
0.899478
0.995681
1.26757
0.796408
0.917499
0.832388
0.893537
1.07295
1.05118
0.837034
1.2502
0.945015
1.19252
1.12944
1.25226
0.832388
0.893537
1.07295
1.05118
0.837034
1.2502
0.945015
1.19252
1.12944
1.25226
-1.54442
-0.906377
-3.67808
12.2513
-2.18518
-3.25967
-5.41818
-2.46122
-3.28456
-0.36958
-1.54442
-0.906377
-3.67808
12.2513
-2.18518
-3.25967
-5.41818
-2.46122
-3.28456
-0.36958
3.53563
2.34025
1.64917
-1.70245
-2.33844
8.55279
9.14515
-0.542969
4.32106
-4.39492
3.53563
2.34025
1.64917
-1.70245
-2.33844
8.55279
9.14515
-0.542969
4.32106
-4.39492
0.133267
0.157504
0.149149
0.136449
0.124965
0.794009
0.712077
0.619821
0.842168
0.916515
