-2.28832
2.52904
-1.9592
-3.05055
-1.85632
-13.6577
-1.85863
2.6287
-1.90315
7.75894
-2.02261
-15.7891
-2.21041
2.91153
-2.27767
5.87017
2.45596
-0.397114
0.38462
-1.4182
-2.02261
-15.7891
-2.21041
2.91153
-2.27767
5.87017
2.45596
-0.397114
0.38462
-1.4182
0.531091
-0.485717
0.33145
-0.00606622
0.657994
1.65239
0.685344
-3.74315
0.475478
-1.29686
0.531091
-0.485717
0.33145
-0.00606622
0.657994
1.65239
0.685344
-3.74315
0.475478
-1.29686
1.0856
-2.61288
0.623953
-8.74182
0.719684
-13.9509
3.41975
-5.57928
3.11403
-10.4696
1.0856
-2.61288
0.623953
-8.74182
0.719684
-13.9509
3.41975
-5.57928
3.11403
-10.4696
-1.60024
-4.76915
-1.7319
-3.04711
-1.54559
-7.63678
-1.99161
2.54709
-1.87293
-7.56995
-1.60024
-4.76915
-1.7319
-3.04711
-1.54559
-7.63678
-1.99161
2.54709
-1.87293
-7.56995
-1.29935
10.2025
-1.94436
8.10245
-1.53219
1.9801
-3.35441
0.048981
-9.20231
-0.52584
-1.29935
10.2025
-1.94436
8.10245
-1.53219
1.9801
-3.35441
0.048981
-9.20231
-0.52584
-4.31572
3.19623
-4.49754
6.78513
-4.39045
4.28744
-4.38104
12.841
-4.50808
3.18376
-4.31572
3.19623
-4.49754
6.78513
-4.39045
4.28744
-4.38104
12.841
-4.50808
3.18376
-4.46098
-4.82011
-4.49542
5.36231
-4.45158
-14.3838
-6.98481
10.1306
0.465417
-1.27888
-4.46098
-4.82011
-4.49542
5.36231
-4.45158
-14.3838
-6.98481
10.1306
0.465417
-1.27888
-4.72296
6.9101
-4.67197
15.4802
-4.41946
-8.24138
-4.78704
1.74159
-4.42887
6.12563
-4.72296
6.9101
-4.67197
15.4802
-4.41946
-8.24138
-4.78704
1.74159
-4.42887
6.12563
-4.29532
-3.39134
-4.45969
-1.92081
-4.72952
6.6088
11.5594
-3.0363
4.8285
-3.73361
-4.29532
-3.39134
-4.45969
-1.92081
-4.72952
6.6088
11.5594
-3.0363
4.8285
-3.73361
-5.03056
3.57947
-5.31783
-3.58774
-5.34459
1.73791
-5.12716
13.6311
-5.34199
-1.63175
-5.03056
3.57947
-5.31783
-3.58774
-5.34459
1.73791
-5.12716
13.6311
-5.34199
-1.63175
-4.77751
-9.783
-5.17746
6.32278
-4.8853
-10.3883
16.2511
7.04489
5.39785
-1.3163
-4.77751
-9.783
-5.17746
6.32278
-4.8853
-10.3883
16.2511
7.04489
5.39785
-1.3163
-1.76555
-1.02341
-1.99922
7.18127
-1.85442
-5.96389
-2.09378
-5.85845
-1.89538
-6.89625
-1.76555
-1.02341
-1.99922
7.18127
-1.85442
-5.96389
-2.09378
-5.85845
-1.89538
-6.89625
-1.58737
-9.55694
-2.04046
2.25786
-1.80775
8.2997
1.93732
1.78027
0.317807
1.65378
-1.58737
-9.55694
-2.04046
2.25786
-1.80775
8.2997
1.93732
1.78027
0.317807
1.65378
-1.50985
-10.3563
-1.66607
-9.07205
-1.41187
-2.98711
-1.61627
-13.7477
-1.61118
2.39588
-1.50985
-10.3563
-1.66607
-9.07205
-1.41187
-2.98711
-1.61627
-13.7477
-1.61118
2.39588
-1.34039
-4.34821
-1.43686
8.01645
-1.40885
5.47347
2.32301
-0.450005
2.88955
-1.10133
-1.34039
-4.34821
-1.43686
8.01645
-1.40885
5.47347
2.32301
-0.450005
2.88955
-1.10133
-2.10263
-5.53449
-2.15372
7.11676
-2.17332
-7.95884
-1.87875
-5.55916
-2.27727
-10.1694
-2.10263
-5.53449
-2.15372
7.11676
-2.17332
-7.95884
-1.87875
-5.55916
-2.27727
-10.1694
-1.70607
8.2259
-2.20807
2.49331
-1.81808
0.855255
-5.25645
-1.13906
7.33239
-1.08115
-1.70607
8.2259
-2.20807
2.49331
-1.81808
0.855255
-5.25645
-1.13906
7.33239
-1.08115
-0.821011
6.28423
-1.12803
1.30016
-1.02681
5.54066
-1.06875
6.93416
-1.14197
5.47869
-0.821011
6.28423
-1.12803
1.30016
-1.02681
5.54066
-1.06875
6.93416
-1.14197
5.47869
-3.33992
5.34587
-1.55498
1.05674
-1.78491
-5.26076
-6.85812
-9.23546
-7.05157
-11.2402
-3.33992
5.34587
-1.55498
1.05674
-1.78491
-5.26076
-6.85812
-9.23546
-7.05157
-11.2402
-1.50376
-5.79292
-1.67412
-9.44715
-1.66431
-7.77287
-1.40642
4.88442
-1.54164
-8.22315
-1.50376
-5.79292
-1.67412
-9.44715
-1.66431
-7.77287
-1.40642
4.88442
-1.54164
-8.22315
-1.32792
-9.34448
-1.51633
8.46154
-1.61616
5.66058
1.65885
-0.45846
1.54875
-0.529015
-1.32792
-9.34448
-1.51633
8.46154
-1.61616
5.66058
1.65885
-0.45846
1.54875
-0.529015
-0.60933
-5.45015
-0.85634
-5.48148
-0.841344
-3.12777
-0.792358
1.26987
-0.425394
-4.77446
-0.60933
-5.45015
-0.85634
-5.48148
-0.841344
-3.12777
-0.792358
1.26987
-0.425394
-4.77446
-0.382201
-1.49487
-0.825067
-9.53996
-0.347857
-11.2815
0.488806
5.78473
0.111692
5.25867
-0.382201
-1.49487
-0.825067
-9.53996
-0.347857
-11.2815
0.488806
5.78473
0.111692
5.25867
-2.78905
9.04036
-2.8896
11.6052
-2.94071
-8.50642
-2.72577
0.96081
-2.69507
3.75392
-2.78905
9.04036
-2.8896
11.6052
-2.94071
-8.50642
-2.72577
0.96081
-2.69507
3.75392
-2.52935
1.53263
-2.92511
0.192192
-2.654
4.03175
-8.45545
-0.299252
0.272959
-2.36963
-2.52935
1.53263
-2.92511
0.192192
-2.654
4.03175
-8.45545
-0.299252
0.272959
-2.36963
-2.39268
2.31663
-2.29121
14.6118
-2.32549
3.37975
-2.22821
-16.0784
-2.47386
2.42504
-2.39268
2.31663
-2.29121
14.6118
-2.32549
3.37975
-2.22821
-16.0784
-2.47386
2.42504
-2.29544
-8.55082
-2.52678
2.17036
-2.08706
2.59995
2.03937
0.215657
-0.355198
-1.73185
-2.29544
-8.55082
-2.52678
2.17036
-2.08706
2.59995
2.03937
0.215657
-0.355198
-1.73185
-2.59177
0.708489
-2.30214
-1.86539
-2.32687
3.15592
-2.16856
-12.512
-2.31125
1.8782
-2.59177
0.708489
-2.30214
-1.86539
-2.32687
3.15592
-2.16856
-12.512
-2.31125
1.8782
-1.98266
-4.1134
-2.33519
11.0262
-2.3432
-14.4554
0.460619
1.39499
5.45826
0.466592
-1.98266
-4.1134
-2.33519
11.0262
-2.3432
-14.4554
0.460619
1.39499
5.45826
0.466592
-3.14409
-3.39897
-3.447
-7.31435
-3.23421
-8.48552
-3.44839
12.6297
-3.18042
5.54979
-3.14409
-3.39897
-3.447
-7.31435
-3.23421
-8.48552
-3.44839
12.6297
-3.18042
5.54979
-3.31866
9.86676
-3.35162
0.0705315
-3.30333
0.225266
7.34406
-2.49244
5.51628
-2.38494
-3.31866
9.86676
-3.35162
0.0705315
-3.30333
0.225266
7.34406
-2.49244
5.51628
-2.38494
-3.60303
-3.70501
-3.07397
-5.40294
-3.47028
2.39971
-3.2723
8.30659
-3.25238
9.4762
-3.60303
-3.70501
-3.07397
-5.40294
-3.47028
2.39971
-3.2723
8.30659
-3.25238
9.4762
-3.0466
11.3681
-3.18668
2.677
-2.9526
5.68203
-13.9732
-0.704149
-6.18832
-0.493137
-3.0466
11.3681
-3.18668
2.677
-2.9526
5.68203
-13.9732
-0.704149
-6.18832
-0.493137
-2.41476
3.72361
-2.3161
2.01378
-2.29961
3.86808
-2.42539
-3.16046
-2.1028
5.09392
-2.41476
3.72361
-2.3161
2.01378
-2.29961
3.86808
-2.42539
-3.16046
-2.1028
5.09392
-1.90103
-1.61947
-2.22584
-11.8449
-2.18055
-13.9708
0.205965
4.28862
-0.0296187
7.42673
-1.90103
-1.61947
-2.22584
-11.8449
-2.18055
-13.9708
0.205965
4.28862
-0.0296187
7.42673
-3.6964
5.42984
-3.94601
8.09242
-3.87479
5.72968
-3.97112
6.74843
-3.68152
4.21408
-3.6964
5.42984
-3.94601
8.09242
-3.87479
5.72968
-3.97112
6.74843
-3.68152
4.21408
-3.32376
-1.974
-3.62962
5.72185
-3.66237
3.50638
-8.45492
-3.98086
-4.15921
0.611148
-3.32376
-1.974
-3.62962
5.72185
-3.66237
3.50638
-8.45492
-3.98086
-4.15921
0.611148
-3.38556
7.73652
-3.62497
-7.728
-3.19199
5.40147
-3.3178
8.11221
-3.33042
-0.745427
-3.38556
7.73652
-3.62497
-7.728
-3.19199
5.40147
-3.3178
8.11221
-3.33042
-0.745427
-2.95971
-11.836
-3.32381
1.81658
-3.10881
8.6699
-0.107319
3.16684
-3.3194
-0.233599
-2.95971
-11.836
-3.32381
1.81658
-3.10881
8.6699
-0.107319
3.16684
-3.3194
-0.233599
-3.05734
4.07194
-2.93923
-3.06255
-2.52322
1.71289
-2.93052
10.4659
-2.64349
2.2146
-3.05734
4.07194
-2.93923
-3.06255
-2.52322
1.71289
-2.93052
10.4659
-2.64349
2.2146
-1.24146
-0.00639285
-2.35649
-9.1311
-2.42206
-6.3378
4.18253
-8.52811
-3.40924
10.2792
