0.617335
0.99167
0.595881
0.965932
0.671067
0.750777
0.836373
0.90473
0.715307
0.810091
0.9749
0.574411
0.666542
0.902148
0.66353
0.660251
0.722816
0.823642
0.955716
0.827998
0.705394
0.907325
0.668198
0.961309
0.660481
0.674324
0.764447
0.667001
0.611198
0.572248
0.565464
0.728533
0.563917
0.661345
0.694465
0.734984
0.912122
0.530838
0.639714
0.627428
0.840928
0.614614
0.701839
0.50747
0.516762
0.865369
0.667721
0.739578
0.689011
0.623437
0.567576
0.894405
0.530762
0.735773
0.855713
0.691243
0.910097
0.62016
0.858244
0.521295
0.692408
0.923708
0.749828
0.756325
0.585053
0.944293
0.99131
0.997175
0.975131
0.631024
0.624603
0.816059
0.745638
0.826442
0.823529
0.7624
0.691811
0.99125
0.501978
0.880821
0.614687
0.569554
0.775226
0.645449
0.805327
0.630939
0.836691
0.715424
0.7511
0.694935
0.736719
0.943508
0.618643
0.986547
0.699833
0.703696
0.930841
0.691143
0.700871
0.905971
0.822167
0.825474
0.722031
0.567805
0.651916
0.54556
0.830205
0.843726
0.53681
0.832183
0.724548
0.651497
0.901736
0.999774
0.796945
0.707063
0.630713
0.633636
0.922487
0.881813
0.828571
0.659207
0.825321
0.947215
0.645754
0.525154
0.650911
0.576595
0.716296
0.851782
0.982566
0.538463
0.677255
0.704597
0.606268
0.829171
0.750157
0.936473
0.672897
0.786967
0.768656
0.897445
0.938463
0.670392
0.897219
0.735409
0.877456
0.527932
0.869045
0.799943
0.909745
0.697616
0.95915
0.735065
0.644831
0.604904
0.760219
0.795742
0.681499
0.976515
0.647523
0.664065
0.514978
0.824779
0.868662
0.621246
0.65395
0.618818
0.55772
0.826847
0.905785
0.826376
0.724292
0.844249
0.996768
0.621511
0.579657
0.874224
0.649442
0.948702
0.674167
0.559187
0.646318
0.633317
0.794253
0.791149
0.738221
0.554472
0.586891
0.919719
0.530987
0.734414
0.583784
0.545965
0.559193
0.952445
0.667212
0.713142
0.571264
0.724931
