0.539989
0.977049
0.551307
0.764281
0.821298
0.548075
0.885792
0.900955
0.922299
0.535234
0.849657
0.596465
0.594421
0.995975
0.729782
0.888674
0.787124
0.968003
0.943146
0.874015
0.849657
0.596465
0.594421
0.995975
0.729782
0.888674
0.787124
0.968003
0.943146
0.874015
0.887722
0.974132
0.608429
0.971506
0.520098
0.667622
0.923951
0.687309
0.880764
0.995215
0.887722
0.974132
0.608429
0.971506
0.520098
0.667622
0.923951
0.687309
0.880764
0.995215
0.912241
0.920753
0.972264
0.963548
0.685034
0.793562
0.511622
0.570826
0.694517
0.933921
0.912241
0.920753
0.972264
0.963548
0.685034
0.793562
0.511622
0.570826
0.694517
0.933921
0.60606
0.544174
0.530386
0.700481
0.540149
0.760169
0.589155
0.827274
0.728171
0.5323
0.60606
0.544174
0.530386
0.700481
0.540149
0.760169
0.589155
0.827274
0.728171
0.5323
0.701289
0.615893
0.506433
0.809718
0.587399
0.526531
0.97734
0.511351
0.71384
0.858103
0.701289
0.615893
0.506433
0.809718
0.587399
0.526531
0.97734
0.511351
0.71384
0.858103
0.506566
0.626081
0.778856
0.97883
0.589628
0.96389
0.772392
0.601251
0.534716
0.966909
0.506566
0.626081
0.778856
0.97883
0.589628
0.96389
0.772392
0.601251
0.534716
0.966909
0.535171
0.640775
0.511083
0.565558
0.841256
0.551232
0.825727
0.930411
0.878505
0.553898
0.535171
0.640775
0.511083
0.565558
0.841256
0.551232
0.825727
0.930411
0.878505
0.553898
0.962711
0.579794
0.669791
0.969144
0.889512
0.757191
0.995675
0.866851
0.768541
0.709515
0.962711
0.579794
0.669791
0.969144
0.889512
0.757191
0.995675
0.866851
0.768541
0.709515
0.724955
0.775107
0.835595
0.503811
0.753937
0.925224
0.967702
0.526329
0.526474
0.502417
0.724955
0.775107
0.835595
0.503811
0.753937
0.925224
0.967702
0.526329
0.526474
0.502417
0.993237
0.561646
0.643193
0.50432
0.627204
0.984449
0.555552
0.95293
0.91486
0.934057
0.993237
0.561646
0.643193
0.50432
0.627204
0.984449
0.555552
0.95293
0.91486
0.934057
0.506828
0.877571
0.513851
0.676619
0.846716
0.903363
0.93381
0.842391
0.770214
0.702351
0.506828
0.877571
0.513851
0.676619
0.846716
0.903363
0.93381
0.842391
0.770214
0.702351
0.551906
0.995169
0.977458
0.887501
0.99898
0.731394
0.812725
0.966682
0.757723
0.839199
0.551906
0.995169
0.977458
0.887501
0.99898
0.731394
0.812725
0.966682
0.757723
0.839199
0.969099
0.75096
0.900845
0.612292
0.75528
0.528048
0.596741
0.810832
0.980978
0.511601
0.969099
0.75096
0.900845
0.612292
0.75528
0.528048
0.596741
0.810832
0.980978
0.511601
0.744889
0.987806
0.889172
0.75874
0.664426
0.735888
0.662102
0.598236
0.578279
0.932316
0.744889
0.987806
0.889172
0.75874
0.664426
0.735888
0.662102
0.598236
0.578279
0.932316
0.800587
0.630184
0.927486
0.778045
0.517685
0.926466
0.509439
0.83041
0.893148
0.767162
0.800587
0.630184
0.927486
0.778045
0.517685
0.926466
0.509439
0.83041
0.893148
0.767162
0.669609
0.862247
0.518122
0.570454
0.974539
0.773403
0.598502
0.57128
0.584235
0.57948
0.669609
0.862247
0.518122
0.570454
0.974539
0.773403
0.598502
0.57128
0.584235
0.57948
0.582881
0.829123
0.567286
0.972053
0.587863
0.731712
0.707941
0.749965
0.829948
0.78622
0.582881
0.829123
0.567286
0.972053
0.587863
0.731712
0.707941
0.749965
0.829948
0.78622
0.682282
0.630535
0.916405
0.609767
0.908579
0.93409
0.536233
0.918018
0.7645
0.929381
0.682282
0.630535
0.916405
0.609767
0.908579
0.93409
0.536233
0.918018
0.7645
0.929381
0.68518
0.934109
0.791628
0.703303
0.504563
0.766167
0.976705
0.603065
0.837447
0.56094
0.68518
0.934109
0.791628
0.703303
0.504563
0.766167
0.976705
0.603065
0.837447
0.56094
0.682545
0.920328
0.890063
0.749831
0.892381
0.977926
0.981543
0.600322
0.727892
0.811491
