0.567232
0.737304
0.509534
0.663467
0.669778
0.985067
0.633242
0.500151
0.895268
0.514767
0.699121
0.943095
0.637468
0.706968
0.586015
0.585796
0.702974
0.902848
0.964148
0.959647
0.699121
0.943095
0.637468
0.706968
0.586015
0.585796
0.702974
0.902848
0.964148
0.959647
0.936259
0.855307
0.759693
0.99244
0.572698
0.603623
0.709477
0.593027
0.618158
0.836434
0.936259
0.855307
0.759693
0.99244
0.572698
0.603623
0.709477
0.593027
0.618158
0.836434
0.972226
0.68539
0.573738
0.981759
0.848857
0.743516
0.966826
0.9821
0.743667
0.862094
0.972226
0.68539
0.573738
0.981759
0.848857
0.743516
0.966826
0.9821
0.743667
0.862094
0.996866
0.942788
0.805189
0.634335
0.649757
0.891203
0.720131
0.852731
0.794052
0.684279
0.996866
0.942788
0.805189
0.634335
0.649757
0.891203
0.720131
0.852731
0.794052
0.684279
0.812378
0.730311
0.539586
0.572071
0.722751
0.612284
0.675694
0.932228
0.705311
0.793852
0.812378
0.730311
0.539586
0.572071
0.722751
0.612284
0.675694
0.932228
0.705311
0.793852
0.768662
0.677537
0.979242
0.8424
0.659296
0.828099
0.585915
0.626123
0.810199
0.829582
0.768662
0.677537
0.979242
0.8424
0.659296
0.828099
0.585915
0.626123
0.810199
0.829582
0.988217
0.807065
0.772371
0.793405
0.9414
0.922127
0.684609
0.661531
0.774858
0.97866
0.988217
0.807065
0.772371
0.793405
0.9414
0.922127
0.684609
0.661531
0.774858
0.97866
0.845809
0.587235
0.708971
0.885395
0.659307
0.931722
0.997679
0.835001
0.86395
0.702991
0.845809
0.587235
0.708971
0.885395
0.659307
0.931722
0.997679
0.835001
0.86395
0.702991
0.628853
0.632612
0.880528
0.608095
0.975012
0.539824
0.936194
0.560927
0.665947
0.746393
0.628853
0.632612
0.880528
0.608095
0.975012
0.539824
0.936194
0.560927
0.665947
0.746393
0.890509
0.654163
0.553458
0.66288
0.947569
0.994858
0.585007
0.632177
0.656389
0.859865
0.890509
0.654163
0.553458
0.66288
0.947569
0.994858
0.585007
0.632177
0.656389
0.859865
0.610838
0.502198
0.9471
0.819809
0.887593
0.606407
0.751531
0.885273
0.941407
0.615481
0.610838
0.502198
0.9471
0.819809
0.887593
0.606407
0.751531
0.885273
0.941407
0.615481
0.588263
0.57026
0.748092
0.968791
0.678355
0.723104
0.508616
0.61455
0.784031
0.674563
0.588263
0.57026
0.748092
0.968791
0.678355
0.723104
0.508616
0.61455
0.784031
0.674563
0.860943
0.67454
0.828726
0.914401
0.83742
0.776295
0.909259
0.922427
0.908472
0.565648
0.860943
0.67454
0.828726
0.914401
0.83742
0.776295
0.909259
0.922427
0.908472
0.565648
0.782292
0.51931
0.567847
0.729392
0.839119
0.95544
0.835799
0.590649
0.840713
0.777206
0.782292
0.51931
0.567847
0.729392
0.839119
0.95544
0.835799
0.590649
0.840713
0.777206
0.70613
0.928976
0.847466
0.954222
0.897767
0.525822
0.677326
0.906383
0.640371
0.961357
0.70613
0.928976
0.847466
0.954222
0.897767
0.525822
0.677326
0.906383
0.640371
0.961357
0.580946
0.501314
0.635897
0.909672
0.915715
0.973317
0.685966
0.824975
0.895744
0.594438
0.580946
0.501314
0.635897
0.909672
0.915715
0.973317
0.685966
0.824975
0.895744
0.594438
0.890623
0.678036
0.613748
0.95847
0.907428
0.952867
0.91391
0.743226
0.543516
0.754622
0.890623
0.678036
0.613748
0.95847
0.907428
0.952867
0.91391
0.743226
0.543516
0.754622
0.520432
0.749646
0.683598
0.867898
0.703869
0.581365
0.89372
0.881195
0.987748
0.534092
0.520432
0.749646
0.683598
0.867898
0.703869
0.581365
0.89372
0.881195
0.987748
0.534092
0.842552
0.568694
0.535406
0.97845
0.978366
0.951121
0.951767
0.664332
0.776095
0.847511
0.842552
0.568694
0.535406
0.97845
0.978366
0.951121
0.951767
0.664332
0.776095
0.847511
0.75877
0.666718
0.525547
0.872519
0.625188
0.932975
0.825386
0.539098
0.676201
0.868902
0.75877
0.666718
0.525547
0.872519
0.625188
0.932975
0.825386
0.539098
0.676201
0.868902
0.79372
0.696633
0.618548
0.977318
0.564532
0.822417
0.558683
0.958252
0.703612
0.546431
0.79372
0.696633
0.618548
0.977318
0.564532
0.822417
0.558683
0.958252
0.703612
0.546431
0.992343
0.546164
0.615125
0.527749
0.524614
0.593491
0.97887
0.976381
0.757823
0.754965
0.992343
0.546164
0.615125
0.527749
0.524614
0.593491
0.97887
0.976381
0.757823
0.754965
0.823892
0.516593
0.921684
0.84944
0.889112
0.546872
0.782414
0.714497
0.585969
0.958615
0.823892
0.516593
0.921684
0.84944
0.889112
0.546872
0.782414
0.714497
0.585969
0.958615
0.583399
0.879689
0.655249
0.701947
0.857006
0.71978
0.524364
0.915689
0.678032
0.727976
0.583399
0.879689
0.655249
0.701947
0.857006
0.71978
0.524364
0.915689
0.678032
0.727976
0.962121
0.670376
0.77414
0.577246
0.698124
0.798754
0.670737
0.676994
0.775134
0.92856
0.962121
0.670376
0.77414
0.577246
0.698124
0.798754
0.670737
0.676994
0.775134
0.92856
0.931959
0.599027
0.945153
0.853643
0.948466
0.834264
0.900514
0.730881
0.548762
0.986483
0.931959
0.599027
0.945153
0.853643
0.948466
0.834264
0.900514
0.730881
0.548762
0.986483
0.689496
0.632161
0.866172
0.844745
0.834108
0.723178
0.564525
0.858472
0.638868
0.742557
0.689496
0.632161
0.866172
0.844745
0.834108
0.723178
0.564525
0.858472
0.638868
0.742557
0.586448
0.600989
0.912933
0.860587
0.678235
0.611057
0.659341
0.848972
0.788051
0.934475
0.586448
0.600989
0.912933
0.860587
0.678235
0.611057
0.659341
0.848972
0.788051
0.934475
0.777531
0.720011
0.533502
0.722684
0.573653
0.981968
0.556948
0.974167
0.712849
0.60571
0.777531
0.720011
0.533502
0.722684
0.573653
0.981968
0.556948
0.974167
0.712849
0.60571
0.960651
0.902345
0.737871
0.826823
0.74709
0.571979
0.550001
0.811615
0.93045
0.688869
0.960651
0.902345
0.737871
0.826823
0.74709
0.571979
0.550001
0.811615
0.93045
0.688869
0.554172
0.516898
0.789857
0.967105
0.877485
0.968092
0.578162
0.536826
0.817064
0.866214
0.554172
0.516898
0.789857
0.967105
0.877485
0.968092
0.578162
0.536826
0.817064
0.866214
0.971302
0.594595
0.586224
0.504804
0.817279
0.659878
0.986772
0.874228
0.634045
0.699621
0.971302
0.594595
0.586224
0.504804
0.817279
0.659878
0.986772
0.874228
0.634045
0.699621
0.979938
0.594696
0.601966
0.717809
0.921518
0.849055
0.789787
0.971519
0.66067
0.720238
0.979938
0.594696
0.601966
0.717809
0.921518
0.849055
0.789787
0.971519
0.66067
0.720238
0.660388
0.714843
0.737136
0.950245
0.681948
0.614621
0.918338
0.76011
0.651447
0.735401
0.660388
0.714843
0.737136
0.950245
0.681948
0.614621
0.918338
0.76011
0.651447
0.735401
0.626324
0.622749
0.829997
0.712548
0.627552
0.647276
0.872426
0.614324
0.521504
0.506471
0.626324
0.622749
0.829997
0.712548
0.627552
0.647276
0.872426
0.614324
0.521504
0.506471
0.813945
0.501442
0.601167
0.91591
0.719251
0.522685
0.764966
0.509038
0.994205
0.925636
0.813945
0.501442
0.601167
0.91591
0.719251
0.522685
0.764966
0.509038
0.994205
0.925636
0.729275
0.654593
0.640479
0.966411
0.604838
0.822427
0.581032
0.523176
0.582537
0.73248
0.729275
0.654593
0.640479
0.966411
0.604838
0.822427
0.581032
0.523176
0.582537
0.73248
0.758577
0.708861
0.855229
0.588574
0.921409
0.982781
0.73585
0.793835
0.597105
0.757354
0.758577
0.708861
0.855229
0.588574
0.921409
0.982781
0.73585
0.793835
0.597105
0.757354
0.800306
0.91105
0.758796
0.901473
0.826961
0.978047
0.924159
0.591927
0.987084
0.918363
0.800306
0.91105
0.758796
0.901473
0.826961
0.978047
0.924159
0.591927
0.987084
0.918363
0.517563
0.71636
0.572956
0.658042
0.682771
0.677794
0.980469
0.763804
0.70097
0.563006
0.517563
0.71636
0.572956
0.658042
0.682771
0.677794
0.980469
0.763804
0.70097
0.563006
0.996283
0.959547
0.771867
0.851512
0.548121
0.693277
0.834293
0.78397
0.987112
0.931399
