512
-512
768
-1280
1792
1536
2560
2560
3072
3072
3584
3584
4352
4608
6144
5888
7424
7680
8192
8192
7936
7936
6656
6656
4864
4864
3584
4096
3328
3072
2816
3072
2304
2304
1024
-512
1536
1536
2304
2304
1792
1280
2304
2304
4096
3840
4864
4864
5120
5120
6144
6144
8448
8448
11264
11264
13568
13568
13568
13824
11520
11520
7936
7680
4352
4608
2816
2816
2048
2048
1792
2048
1280
1536
768
-1536
1024
1024
4352
4352
7424
7424
10496
10496
13824
13824
16640
16896
18432
18432
18176
18432
15616
15872
11776
11520
7424
7680
4864
4608
3328
3072
3328
3328
2816
3072
1792
-768
1792
2048
4352
4352
5888
5632
5120
5120
2560
-1536
1792
1792
3840
3840
5888
6144
7680
7936
8192
8192
7424
7424
6656
6912
6656
6656
7680
8192
9728
9472
11008
11008
11264
11264
10240
10240
8704
8448
7424
7424
6912
6912
7680
7424
9216
9216
11776
11520
14848
15104
18944
18944
24064
24064
29184
29184
-32512
-32768
-30208
-30208
-29952
-29952
-30720
-30464
-30976
-30720
-29696
-29952
-27904
-27648
-25856
-25856
-25344
-25088
-25600
-25600
-27136
-27136
-27904
-28160
-28416
-27904
-27904
-27904
-28160
-28416
-29952
-29696
-32000
-32000
31232
31232
29440
29440
28416
28416
27136
27392
25344
25344
23040
23296
20736
20992
18944
18944
17408
17152
15360
15616
12288
12288
7936
7680
2816
-1536
2048
2048
4096
4096
5120
5120
4608
4352
3840
4096
3840
3840
4352
4608
5888
5888
5632
5632
2560
-2048
2816
2816
7424
7424
12032
11776
15872
15872
19200
18944
20736
20480
19968
19968
17920
17920
14848
15104
12800
12544
11264
11264
10752
10496
10496
10240
9728
9984
9472
9216
8960
8448
7680
7680
6400
6400
5376
5376
5120
5120
5888
5888
7168
6912
7936
7680
7424
7424
5376
5376
2816
2816
768
768
512
512
2304
2304
4608
4864
7168
7168
8960
8960
10240
10240
11264
11008
12288
12288
12800
12800
12032
12288
10752
11008
9472
9728
8192
8192
6656
6400
4608
4608
2304
2048
512
2048
1792
5888
5888
11008
11008
16384
16128
21760
21760
26880
26624
31232
30976
-31744
-31488
-30720
-30720
-31488
-31232
32256
32512
31232
31488
31232
31488
32256
32256
32512
32512
31488
31488
28928
29184
25856
25856
23040
23296
21504
21504
20736
20736
19200
19712
17664
17664
15616
15616
14336
14336
13312
13312
12800
12800
12288
12032
10496
10240
7680
7936
4352
4608
768
-1280
1536
1536
3840
4096
6400
6144
8448
8448
9984
9984
11008
11008
11520
11776
12288
12288
13568
13568
15616
15616
18176
18176
19968
20224
21504
21760
23296
23040
24832
24832
27392
27392
29184
29184
30208
30464
29952
30464
28928
29184
28160
28160
27904
27904
27392
27648
26624
26880
25344
25088
23296
23296
22016
22016
20992
21248
21504
21504
22272
22272
23040
23296
24064
24064
25088
25344
25856
25600
26368
26368
26112
26368
25344
25088
23040
23040
20480
20224
17408
17408
14336
14336
11264
11264
8192
8192
4352
4352
-1280
3840
3584
8704
8960
14336
14336
19712
19712
25344
25344
30720
30720
-29696
-29440
-25856
-25600
-24320
-23808
-24832
-24832
-27392
-27392
-30720
-30464
-32512
-32512
-32768
-32768
-31488
-31232
-29440
-29440
-28160
-27904
-26624
-26880
-25344
-25600
-24064
-23808
-22016
-22016
-20224
-20480
-19968
-19968
-19712
-20224
-19712
-19968
-19456
-19456
-18432
-18176
-17408
-17408
-17408
-17408
-18688
-18432
-19968
-19968
-20992
-21248
-22528
-22528
-24064
-24064
-26880
-26880
-30720
-30720
30208
29952
25856
25600
22272
22528
19968
19968
18944
18944
18944
18688
19456
19456
20992
20736
22784
22784
25600
25344
28160
28160
30464
30720
-32768
32512
-31488
-31744
-30976
-30976
-32000
-32000
32000
32000
29696
29440
27392
27648
25856
25856
24320
24320
22272
22272
19456
19712
16640
16640
14336
14080
13056
13056
12800
12800
13568
13312
12544
12288
9984
9984
5888
6144
1792
-2304
3584
3840
8704
9216
12032
12288
13824
13824
14848
15104
16896
16896
19200
19200
20736
20480
21248
21248
20480
20480
19712
19712
18944
19200
18688
18688
17152
16896
14592
14848
12032
11776
9472
9472
8960
8960
9472
9728
10240
10240
9984
9984
8448
8704
8192
7936
9472
9472
12032
12032
14592
14848
15872
15616
15360
15360
15360
15360
16384
16640
17920
17920
17920
17920
16128
16128
13568
13568
12544
12288
13568
13312
15872
15872
17152
16896
15872
15872
13824
13824
12544
12288
12032
12032
12544
12544
12544
12544
11776
11776
11776
11776
13056
13056
15360
15360
18176
18432
19968
20224
20992
21248
21504
21504
22272
22272
23552
23552
24832
24832
25600
25600
25600
25600
24320
24320
22016
21760
17408
17408
11520
11264
4352
-3584
512
512
2560
2560
1792
-2560
1536
1536
1024
1024
512
768
3072
2816
5632
5632
7936
7936
7936
8192
6912
7168
6912
7168
8960
8704
12800
12544
16384
16128
16384
16640
12032
12288
4096
-2560
1280
1024
4608
4608
8704
8448
14336
14080
20736
20736
26624
26880
30464
29952
32000
31744
32512
-32768
-32000
-32000
-32000
-32000
32256
32512
30208
29952
27392
27392
25344
25088
23552
23296
21504
21504
17920
17920
13312
13312
8960
9216
6144
6400
4608
4352
1792
1024
1024
1536
1536
1792
1792
1024
-4096
512
512
7424
7680
13824
13568
16896
16896
18176
17920
18432
18432
19200
19456
20224
19968
18688
18688
15104
14848
11008
11264
9216
8960
9472
9728
11008
11264
11776
11520
9984
9984
6912
6912
4608
4608
3840
3584
4352
4608
5632
5888
6656
6656
5632
5888
3584
3840
-5888
512
7424
7424
12800
12800
14592
14848
13824
13824
12800
12800
14592
14848
19712
19968
26624
26624
31744
32000
-31488
-31232
-30208
-30208
-28928
-28928
-25344
-25344
-21504
-21248
-17920
-17920
-15872
-15872
-14848
-14848
-13568
-13568
-12544
-12800
-13312
-13312
-16896
-16640
-22528
-22528
-28672
-28672
32000
32256
28928
28928
27648
27392
27136
27136
27392
27392
27904
27904
28928
28928
29184
29184
29440
29696
30464
30464
31488
31488
31744
31488
29696
29952
26112
26112
23040
22784
22016
22272
25088
25344
30208
29952
-32000
-32000
-32256
-32256
29696
29952
26880
26880
26624
26624
29696
29696
-32000
-32000
-30976
-30976
30976
30720
24320
24320
18944
18944
17920
17920
20992
20736
24832
24576
26112
25856
23296
23296
17920
17920
13056
13056
10496
10240
8960
8960
6656
6656
2048
-3840
2048
2048
1024
-1024
2048
2048
4864
4608
5376
5376
5120
5120
4352
4096
4352
4352
5376
5632
7168
7168
7168
7424
5376
5120
768
-3584
1280
1536
3840
3840
2048
-2048
768
768
6656
6656
13056
13312
18176
18432
22272
22272
26624
26624
-32768
32256
-26368
-26624
-20736
-20736
-17920
-17664
-18432
-18432
-22784
-23040
-29952
-30208
27392
27392
20736
20736
16128
15872
13312
13312
10496
10496
5632
-4608
768
768
4864
4608
7168
7424
8960
9216
11520
11776
14080
14080
16128
16128
17920
17664
19456
19712
22784
22784
25856
25600
26112
26112
22528
22528
16128
16128
12544
12800
14848
14848
22528
22272
30976
30720
-30720
-30464
-32512
-32512
27136
27392
21504
21760
18176
18176
17408
17408
17920
18176
19200
18944
20224
20224
22528
22784
25856
25856
29952
30208
-31232
-31232
-27136
-27392
-23040
-23040
-19200
-18944
-15616
-15616
-14080
-14080
-13568
-13568
-14080
-14080
-14336
-14592
-13312
-13312
-12544
-12544
-12800
-12800
-15360
-15616
-20480
-20480
-25344
-25344
-28416
-28416
-28928
-28672
-27904
-27648
-26368
-26624
-25600
-25600
-25088
-25088
-25088
-24832
-27392
-27392
32256
32512
24576
24832
17664
17408
14592
14848
16384
16384
20480
20480
23040
23040
21760
21760
17920
17920
14080
13824
12288
12032
12544
12544
13312
13568
13312
13568
12288
12288
9472
9216
5888
6144
3072
2816
768
-5888
4864
4864
6400
6144
4608
4608
2048
2048
768
768
1792
1536
4096
3840
6656
6400
8960
8960
11008
11008
13056
13312
14592
14848
14336
14336
11008
10752
5632
5632
-2816
512
512
5888
5888
13312
13312
20736
20736
26624
26880
29696
29696
29440
29440
26880
26880
25856
25600
26624
26880
29952
29696
-32768
-32512
-31744
-32000
32000
32000
28928
29184
25600
25344
22272
22272
19456
19456
16896
16896
14848
14848
14336
14336
13824
13824
13568
13568
13056
13312
12800
12800
12288
12288
11264
11520
8192
8448
3584
-5888
4096
4096
11776
11776
15616
15616
15872
16128
15104
14848
14592
14336
15616
15616
17664
17408
19712
19712
20224
19712
17664
17664
13824
13824
9216
9216
7168
6912
8704
8704
13824
13312
19712
19712
24576
24576
26624
26880
28672
28672
32512
32512
-25344
-25600
-15616
-15616
-6144
-6143
2561
2561
2817
2817
2049
2049
2305
2049
3329
3329
5377
5377
7425
7169
7937
7937
5633
5376
-7936
-8192
-14336
-14592
-17408
-17408
-16640
-16640
-14336
-14336
-13824
-13824
-16384
-16384
-20480
-20480
-24320
-24064
-24576
-24576
-21504
-21504
-16640
-16896
-13056
-12800
-11520
-11520
-12800
-12800
-14592
-14592
-15616
-15360
-14080
-13824
-10240
-10240
-5632
-5376
-1536
-1791
769
769
1537
2049
2049
1537
1793
1537
2305
2049
2817
2817
2817
2561
-3840
-4096
-9984
-9984
-15616
-15360
-19968
-19712
-23040
-23040
-26624
-26368
-30464
-30464
30720
30720
28160
27904
28416
28416
31488
31488
-30464
-30464
-28672
-28672
-29440
-29440
-32512
-32512
28928
28928
24576
24576
20992
20736
17408
17152
14848
14848
14080
13824
14080
14080
13824
14080
13568
13312
12032
12032
11008
10752
11264
11520
13568
13312
16384
16384
17920
17664
16640
16384
12544
12544
7680
7424
3328
3328
1792
1792
2048
1792
3072
3072
3584
3840
4352
4352
5120
5376
6912
7168
9472
8960
10752
11008
10496
10240
7680
7680
3584
3584
-768
1024
1280
5120
5120
8704
8704
9984
9984
8704
8448
6400
6144
4864
4864
6144
6400
9472
9728
12800
12800
13824
13824
12032
12288
9472
9472
7424
7936
8192
8192
9984
9728
10496
10496
9472
9216
6144
6400
2560
-3584
2816
2816
8192
8448
10752
10496
9728
9472
6912
6912
4864
4864
3584
3584
2560
2816
768
-3328
4352
4608
9472
9472
14080
13824
17152
17152
19200
19200
20736
20992
23296
23552
28160
28160
-31744
-31744
-26112
-26112
-22528
-22528
-21760
-21760
-22272
-22016
-23040
-23040
-22528
-22784
-21760
-21760
-20992
-20992
-20224
-20224
-20736
-20736
-21760
-21760
-23552
-23552
-26368
-26112
-29696
-29440
32256
32256
29440
29440
27648
27392
26880
26880
27392
27392
28416
28672
30208
30208
-32768
-32768
-29440
-29440
-26368
-26112
-24320
-24320
-24576
-24576
-26624
-26880
-29440
-29440
-31232
-31232
-31488
-31232
-30720
-30720
-30208
-30208
-30464
-30464
-31744
-32000
31488
31744
29184
29440
26368
26368
23552
23296
22272
22016
22784
22784
24064
24320
24320
24064
21760
21760
16896
17152
13056
13312
11520
11520
12288
12288
12544
12544
11264
11264
7936
7680
4864
4864
3328
3328
2816
2816
768
-2560
768
768
2048
2048
1024
5376
5376
11008
11008
15872
15616
19200
19456
21504
21504
23040
22784
24320
24576
26368
26368
28160
28160
29184
28672
27904
27904
26112
26368
25088
25088
25856
25600
27904
28160
30720
30720
32000
31744
30976
30720
28160
28160
25088
24832
21760
22016
18944
18944
15872
15616
12544
12800
9984
10240
9216
9216
9984
9984
11776
12032
13056
13056
13056
13056
10752
11008
7936
8192
5376
5632
3840
3840
2048
2048
512
-2560
1280
1280
3584
3584
3328
3840
2304
2048
512
-1024
3840
3840
8192
8192
10752
10752
12288
12544
15360
15360
21760
21504
30720
30976
-25344
-25088
-18688
-18688
-16640
-16640
-17920
-17920
-19456
-19712
-19712
-19712
-18432
-18688
-17664
-17408
-18432
-18432
-20736
-20736
-23552
-23808
-25600
-25600
-25856
-25856
-25600
-25856
-25344
-25088
-25088
-25088
-24320
-24320
-22528
-22528
-21248
-20992
-22272
-22016
-25600
-25600
-30464
-30464
31744
31488
30720
30976
30720
30720
29184
29184
24320
24320
18432
18688
15104
15360
15360
15104
16896
16896
16896
16896
13056
13056
7168
7424
3072
3072
2048
2048
3840
3840
5376
5376
4096
-4096
2560
2304
12288
12288
22016
22272
28416
28672
31232
31488
32256
32256
-31488
-31744
-28160
-28160
-25344
-25344
-26368
-26624
-32000
-32000
26112
26112
20736
20992
19712
19712
21248
20992
20480
20480
15104
14848
5376
-1536
3328
3072
4864
5120
3840
3840
1280
-2304
-1536
3072
3072
6144
6144
8960
8960
10752
11008
11776
11776
12032
12032
12544
12544
14848
14592
17920
17920
21248
21248
24064
24064
25856
25600
26368
26368
26880
26624
25856
26112
24320
24576
22016
22016
19712
19968
18432
18688
18432
18432
19200
19200
20480
20736
21760
21760
22784
22784
23808
23552
24832
24832
25600
25600
26624
26880
28160
28160
29440
29184
30464
30208
30208
30208
29696
29952
30208
30208
31744
31744
-32000
-32000
-31488
-31232
-32768
-32768
29184
29440
26112
25856
24064
24064
24576
24320
26368
26368
27904
27904
27904
27904
27648
27904
28416
28416
31232
31232
-30720
-30720
-28160
-27904
-28672
-28672
-32000
-32000
29696
29440
27648
27904
29184
29184
-32512
-32512
-28928
-28928
-27648
-27648
-28928
-28672
-30976
-30976
-32512
-32512
-31488
-31744
-29440
-29440
-27136
-27392
-25856
-25856
-25856
-25600
-26112
-26112
-26368
-26112
-25856
-25856
-24320
-24320
-22016
-22016
-20736
-20736
-20224
-19712
-20224
-20480
-21504
-21248
-22784
-22784
-25344
-25088
-29440
-29440
30208
29696
23040
23040
17152
16896
13568
13824
13312
13312
14336
14336
15104
15104
14080
13824
11264
11264
8448
8448
6400
6400
5632
5632
6144
5632
6656
6400
6656
6656
5888
5888
4352
4352
1280
-2304
512
4864
5120
11008
11008
16640
16384
19968
20224
20736
20992
20224
20480
19712
19712
20736
20736
23040
23040
25856
25856
27648
27648
27904
27904
27136
27136
26624
26624
26112
26112
25600
25600
23552
23552
20224
20480
16640
16640
13568
13824
12544
12544
13056
13312
13824
14080
13568
13568
11776
11776
9472
9472
7936
7680
7936
8192
8704
8704
8960
8960
7168
7168
3840
-1024
768
768
1792
1792
2048
2048
1536
1792
512
-3584
6144
6144
13312
13312
14592
14848
10496
10496
3840
-512
4096
4096
10240
9984
15616
15360
18944
18944
21248
21248
22528
22528
21504
21504
17920
17920
12288
12032
6144
6144
2560
2560
3072
3072
7424
7424
12544
12544
16384
16128
17408
17664
17664
17408
16896
17152
18688
18432
21760
21504
25600
25856
30208
30208
-30720
-30976
-26368
-26112
-21760
-21760
-18688
-18432
-17152
-17152
-17664
-17664
-18944
-18944
-20480
-20480
-21504
-21760
-22784
-22528
-23296
-23296
-23552
-23808
-23296
-23296
-22784
-22528
-22272
-22016
-22528
-22528
-23552
-23552
-25344
-25344
-26368
-26368
-26624
-26624
-26112
-26368
-25600
-25600
-25088
-24832
-24832
-24832
-24576
-24576
-24320
-24064
-23808
-23808
-23552
-23296
-23808
-24064
-24832
-25088
-26368
-26368
-27392
-27392
-29184
-29184
-31744
-31744
30208
30208
25856
26368
22528
22528
19712
19456
16640
16640
13312
13312
9472
9472
6144
6400
3584
3584
768
-1280
2048
2048
5888
5632
7424
7168
6656
6400
4864
4864
3840
4096
5376
5632
9216
9216
13312
13056
15360
15360
14848
14592
11520
11776
7680
7424
4352
4096
1536
-2560
2304
2304
6656
6656
10240
10240
13824
13824
17664
17664
22272
22016
26624
26624
29440
29440
30464
30208
29184
29184
26880
27136
24832
24832
23296
23040
22016
22016
20224
20224
17152
16896
13056
12800
8704
8704
4864
4864
2816
3072
2560
2816
3840
3840
5632
5632
7680
7936
9728
9728
11264
11008
11520
11776
12032
12288
12544
12544
13312
13056
14592
14592
15616
15872
17920
17920
20736
20736
24576
24576
29184
29184
32000
31744
31232
31232
25856
25856
16384
16128
5888
-3072
2048
2048
1792
2048
1536
2048
3328
3584
8448
8448
15104
15104
20480
20736
24064
24064
26368
26112
28416
28416
30976
31232
-32256
-32000
-31488
-31488
-32768
32512
30464
30464
28672
28672
28160
28416
28928
28672
29696
29952
30464
30720
30720
30464
29184
29440
26880
26880
23552
23552
19968
19712
16384
16384
14080
14080
12288
12288
11520
11776
11264
11520
11520
11520
12032
11776
11008
11008
8704
8704
5120
5120
1280
-2048
1024
1024
3072
3072
4608
4608
6656
6656
11008
11008
17152
17152
24832
24832
32256
32256
-28160
-27904
-24832
-25088
-23552
-23808
-22016
-22272
-18944
-18944
-13824
-14080
-8192
-8448
-3584
-3584
-768
-1024
-512
-512
-768
-1024
-1024
-1536
-1792
-2304
-2304
-3584
-3584
-4864
-4864
-4864
-4608
-3840
-3840
-3072
-3072
-4096
-4352
-8192
-8192
-13824
-13824
-18688
-18944
-20480
-20736
-18432
-18176
-13312
-13312
-9216
-8960
-7936
-7936
-11520
-11520
-17408
-17408
-22784
-22784
-24832
-25088
-23552
-23808
-20992
-20992
-19200
-19456
-19712
-19712
-22016
-22016
-23296
-23040
-21760
-21760
-18432
-18432
-15872
-15872
-16640
-16384
-21504
-21504
-28928
-28928
29440
29440
24320
24320
20736
20992
18176
18176
15360
15360
13312
13312
12800
12544
14080
13824
16384
16128
17920
17920
18176
18432
16896
16896
15104
15104
14336
14336
14848
14592
16128
16128
17408
17152
17152
17408
15616
15616
12800
13056
9728
9728
6912
6656
3584
-4096
2304
2304
7168
6912
10752
10496
14336
14080
18944
19200
25088
24832
29184
29440
30720
30720
29184
29184
26112
26112
22784
22784
20224
19968
16896
16896
13056
13056
9216
9216
6144
6144
3840
3584
1792
-2048
5120
5376
11264
11008
14080
14336
15104
14848
15104
15104
16384
16128
18944
18688
22528
22528
25344
25088
26112
26112
25088
25088
21760
22016
18432
18432
14848
14848
12032
11776
9216
9216
5376
5376
768
1280
1536
3328
3328
4608
4608
5120
5120
4352
4608
2048
-3328
2816
2816
7424
7168
9984
9728
12544
12288
16896
16896
22784
22784
29184
28928
-32256
-32256
-30464
-30720
-30208
-30464
-30720
-30976
-30464
-30464
-29696
-29696
-29184
-29184
-29184
-29440
-29696
-29696
-30208
-29952
-29696
-29696
-28672
-28672
-27136
-26880
-24832
-24832
-23296
-23296
-22016
-21760
-21760
-21760
-22528
-22528
-24576
-24576
-27648
-27648
-30208
-30208
-32256
-32512
32000
32000
31488
31744
31488
31488
31488
31488
30464
30720
28672
28672
25856
25600
22016
22016
18432
18432
16384
16640
17152
17408
19200
19200
21504
21504
22016
22272
20992
20992
19712
19456
18944
18944
18944
18944
18944
18688
16640
16640
13056
13568
9984
9984
7424
7424
5888
6144
4608
4864
3328
3328
1792
1792
1536
1536
2816
2560
4608
4608
5632
5632
5632
5632
5376
5376
5888
6144
7936
7680
10496
10240
12288
12288
13312
13312
13824
13568
15104
15104
18432
18432
23296
23040
27904
27904
32000
31744
-31232
-30976
-28928
-28928
-26880
-26624
-24832
-24576
-23552
-23808
-24064
-24320
-25600
-25600
-27392
-27392
-27904
-27904
-27392
-27392
-26880
-27136
-27648
-27904
-28928
-28928
-29184
-29440
-28416
-28416
-26624
-26368
-25088
-25088
-24576
-24576
-24832
-24832
-25344
-25344
-26368
-26368
-27904
-27904
-29696
-29696
-30976
-31232
-30464
-30720
-28160
-28416
-25344
-25600
-23552
-23296
-22784
-22784
-22528
-22784
-22272
-22528
-22272
-22272
-22784
-23040
-25344
-25344
-29440
-29696
32256
32000
29696
29696
29440
29440
29696
29696
29184
29184
27392
27392
25088
25088
22784
23040
20992
21248
18944
18688
14848
14848
8960
8960
2304
-768
1792
1792
2816
2816
2560
2560
2304
2304
2048
2048
2304
2048
1792
1536
-3328
1024
1280
512
-512
2304
1792
1792
-2304
3328
3328
7424
7680
12032
11776
16896
16896
23040
23040
27648
27904
29440
29440
27136
27136
22272
22528
18944
18688
18176
18176
20480
20480
23552
23552
23808
24064
21760
21504
17664
17152
14848
14848
15360
15360
17664
17664
20224
19968
20480
20480
19200
19456
19456
19456
23040
23296
31232
31232
-24320
-24320
-15616
-15360
-10240
-10496
-8448
-8704
-7936
-7936
-6144
-6144
-1536
-1535
4865
4865
10497
10753
14081
14337
15105
15105
14337
14593
13057
12801
10753
10753
7425
7681
3585
3584
-1536
-1536
-5632
-5632
-8192
-8192
-8192
-8192
-6400
-6400
-4608
-4608
-3584
-3584
-3584
-3584
-4352
-4096
-4608
-4608
-5120
-5120
-5376
-5120
-5888
-5888
-7424
-7424
-8704
-8960
-10496
-10496
-11520
-11520
-12544
-12288
-12800
-13056
-14336
-14080
-16384
-16384
-19712
-19712
-23808
-24064
-28672
-28672
32512
-32768
28672
28928
26112
26112
24064
24320
23040
22784
22272
22272
20992
21248
19712
19712
17408
17664
16128
16128
15104
15104
15616
15616
17152
17152
18944
18944
20480
20480
21248
21248
21760
21504
22016
22528
23808
23808
26624
26624
29440
29440
31488
31744
31744
31488
30208
30208
28416
28160
27392
27392
28160
28160
29952
29952
30976
30976
30464
30208
28416
27904
25600
25600
23808
23808
23552
23808
24832
24576
25088
25344
24064
24320
20992
21248
16384
16384
11264
11008
6656
6656
2816
2816
-4608
1024
1024
4352
4096
6144
6144
7680
7680
9728
9984
12032
12288
13568
13568
13824
13824
13312
13312
12800
12800
12800
12800
13312
13312
14592
14592
15872
15872
17152
17152
18688
18944
19968
19968
20224
19968
19200
19456
18176
17920
17408
17408
17920
17920
19712
19712
22016
22016
24320
24320
25600
25600
27136
26880
28928
28672
31488
31488
-32000
-31744
-30720
-30976
-31744
-31744
32256
32000
30720
30720
30720
30720
31488
31488
32000
32000
30976
30976
28160
28416
25088
25088
23040
23040
23040
22784
24320
24320
25856
26368
26880
26624
25856
25856
24576
24320
23552
23552
24320
24064
25344
25344
27136
26880
27648
27648
28160
28416
28416
28672
28416
28672
27648
27904
25088
25088
20224
20224
13568
13312
5888
-2048
1024
768
4096
4096
6656
6656
9472
9472
13056
13312
18432
18432
23808
24064
27904
28160
30208
29696
30720
30976
32512
32512
-29952
-29952
-25600
-25856
-23040
-23040
-23552
-23552
-26368
-26112
-28928
-28928
-29184
-29440
-27648
-27648
-25344
-25344
-24832
-24832
-27136
-27392
-31488
-31232
30464
30976
29696
29440
30976
30976
-32256
-32000
-29952
-29952
-29952
-29696
-30976
-30976
-32512
-32768
31232
31232
30208
30208
28672
28928
25856
25856
21504
21504
16640
16896
12800
12800
10496
10496
9728
9728
8704
8448
5888
5888
1280
-1024
1280
1536
3840
4096
6656
6912
9216
9216
11008
11264
13056
13312
14592
14336
14592
14592
14336
14336
13824
13824
14080
14080
15104
15360
16384
16128
16896
16640
15872
15616
14080
14080
13568
13568
14336
14336
15872
15872
16896
16896
16640
16640
15360
15616
14848
15104
15104
15360
16896
16896
18688
18688
20224
20224
21760
21504
22272
22272
20992
20992
17408
17408
12032
12032
7168
7168
5120
5120
6144
6144
7936
7680
7424
7424
3072
2816
2816
4352
4352
5120
5376
6912
6912
9728
9728
12288
12288
12800
12544
10752
10752
7424
7680
4608
4608
3328
3328
3072
3072
2304
2304
512
-512
2304
2560
7424
7424
13824
13824
18944
19200
22784
22784
25344
25344
27392
27648
30208
30208
-32000
-32256
-29440
-29696
-27648
-27904
-27136
-27136
-26368
-26368
-24320
-24576
-21248
-21248
-16640
-16896
-12288
-12544
-8704
-8448
-5888
-5888
-4352
-4608
-3328
-3328
-2304
-2048
-1024
-1023
513
513
2305
2305
4609
4609
6657
6401
8193
8193
7937
8193
6913
6913
4609
4609
1537
1280
-2560
-2304
-6656
-6656
-11008
-10752
-15104
-14848
-18176
-18176
-21248
-20992
-23040
-23296
-24576
-24576
-25344
-25344
-25856
-25856
-27136
-26880
-29184
-29184
-31744
-31744
30976
30976
29440
29440
29952
29952
32000
32000
-31232
-30976
-29952
-29696
-29952
-29952
-30976
-31232
-32512
-32768
31488
31488
29696
29952
27136
26880
22272
22016
16640
16384
10752
10752
7168
6912
5120
5120
4096
4096
2304
2816
2816
6656
6912
11264
11008
13312
13312
12288
12288
8192
8192
2048
-3328
4096
4096
9728
9984
12544
12544
11776
11776
9984
9984
8960
8960
9984
10240
12800
12800
15616
15616
17664
17408
18944
18688
19456
19200
20224
20224
20736
20480
19200
19200
16384
16384
12544
12544
10240
10240
10496
10496
12288
12544
13824
13824
13824
13824
12032
11776
9984
9984
8960
8960
9216
9216
9728
9728
10240
10240
9984
10240
10240
9984
10240
10240
10240
10240
9472
9472
7936
7936
5120
4864
1280
2304
2304
6400
6400
12800
12800
20736
20480
27392
27392
30976
30976
29696
29696
25600
25600
21760
21760
20480
20480
21504
21504
23296
23552
24064
24320
23040
23296
21760
21760
21504
21760
23808
23808
27392
27392
30464
30464
31488
31232
29952
29696
26880
26880
23552
23296
19968
20224
16384
16384
12032
12032
7424
7168
2560
-1792
768
768
3328
3328
5120
5120
7168
7168
9728
9984
13312
13056
16896
16896
19200
19200
20480
20480
20992
21248
22272
22272
24064
24320
26368
26368
27648
27648
27648
27648
26880
26880
26112
26112
26112
26112
25856
25856
24576
24576
22272
22016
18944
18688
16896
17152
17408
17408
19456
19456
21760
21504
21248
21504
17920
17920
13056
12800
8448
8448
7168
6912
8704
8704
11776
11520
14592
14848
16384
16640
18176
18176
20736
20480
24320
24576
28928
28672
-32768
-32512
-30976
-30720
-31744
-31488
31744
32000
29440
29184
26624
27136
25088
25088
23296
23040
20480
20736
16896
17152
12288
12544
7936
8192
4608
4352
1536
1792
512
768
512
1280
1024
2560
2560
4096
4096
5120
5120
5632
5632
5632
5632
5120
5120
5376
5376
6656
6656
9216
9216
11776
12032
13312
13312
11520
11520
6400
6400
-4096
3328
3328
4608
4864
5632
5888
7936
7936
12288
12288
18176
18176
22784
22784
25344
25344
25856
25600
26112
26112
28416
28160
-32768
-32768
-26880
-27136
-22528
-22528
-21248
-21248
-23552
-23296
-27648
-27648
-32512
-32512
29696
29696
27136
27392
25600
25344
22784
22784
18688
18688
13824
13824
9216
9472
6656
6656
6400
6144
7936
7936
9728
9984
10752
10752
10496
10240
10240
10240
11264
11008
14592
14592
19456
19456
23808
23552
25600
25856
25088
25344
23040
23040
20992
20992
19968
19712
18688
18688
16384
16384
12544
12544
8960
8704
6912
6656
7424
7424
9472
9728
10752
10496
8704
8704
4352
-1280
2816
2560
7936
8192
12800
12800
16128
16384
18944
19200
22784
22528
27904
27904
-32256
-32256
-27136
-27392
-24064
-24064
-22272
-22272
-20992
-21248
-18944
-18944
-14848
-15104
-11264
-11264
-8448
-8704
-8448
-8448
-9728
-9728
-11520
-11264
-11776
-11776
-10496
-10496
-8960
-9216
-8448
-8448
-9216
-9216
-11008
-10752
-12032
-11776
-12288
-12032
-11776
-11776
-11776
-11776
-13056
-13312
-15360
-15360
-17920
-17664
-19456
-19200
-20224
-20224
-21248
-21248
-23552
-23552
-27136
-26880
-30976
-30976
31232
31232
28672
28672
26624
26624
23808
23808
19968
19968
15616
15872
11264
11264
7424
7424
4096
4096
1536
1280
-1280
768
512
2304
2304
3328
3328
2304
-2304
2304
2048
3840
3840
5888
5888
6912
7168
8448
8192
8960
8960
8960
8960
8192
8448
7168
7168
4864
5120
1024
-1024
768
768
1024
1280
-1792
2816
2560
7168
7168
11776
11520
15872
15616
18944
18944
20992
20992
21504
21504
20480
20480
18944
18944
17664
17408
16896
16896
16640
16384
16640
16640
17664
17664
19456
19456
23040
22784
26880
27136
31232
31232
-31744
-31488
-30208
-30208
-29952
-30208
-30208
-30208
-30720
-30720
-31232
-31488
-31744
-31744
-32000
-32000
32256
32512
29952
29952
26112
25856
21760
21760
18688
18688
18176
17920
18944
19200
20736
20992
21760
21504
21248
21248
20736
20992
21504
21760
23552
23552
25856
25856
26368
26368
24576
24576
20992
20736
16896
16896
14336
14080
13568
13824
13824
13824
13568
13568
11776
12032
9728
9728
8448
8704
9216
8704
11008
10752
12544
12544
12800
12800
11520
11520
9472
9472
7936
7936
6912
7424
6912
7168
7168
7168
6912
6912
6400
6656
6144
6144
5888
5888
4864
4864
2304
-1024
7168
6656
13056
13056
16640
16640
17664
17408
18176
18176
19712
19712
21248
20992
22016
22016
21760
21760
21504
21248
21504
21760
23552
23552
26112
26368
28928
28928
31232
31232
-32768
-32512
-30720
-30720
-28160
-28416
-25600
-25600
-22528
-22272
-19200
-19200
-15872
-15872
-12544
-12288
-8192
-8192
-4096
-3839
513
4097
3841
6401
6401
7169
6913
6401
6401
5377
5121
4353
4353
3841
4097
4353
4353
4353
4353
4097
4097
2561
2561
-2816
-3072
-4608
-4608
-5632
-5632
-5888
-5888
-6656
-6656
-8960
-8960
-12800
-12544
-17920
-17664
-23296
-23552
-29696
-29696
29184
29184
22528
22528
15872
15872
9728
9984
4608
4608
1280
-768
-1792
2048
1792
3072
3328
3840
4096
4608
4608
4864
5120
5120
5376
5888
5888
7168
6912
7936
7936
8192
8448
8448
8448
7936
7936
6912
7168
5376
5632
3328
3328
768
-2304
2048
1792
5120
5120
7936
7936
9216
9472
8960
8704
7168
7168
5120
5376
4096
4096
4096
4352
4352
4608
4608
4608
2816
2816
-1280
2816
3072
7936
7680
12032
12288
16128
16128
20480
20480
25856
25856
31744
32000
-28160
-28160
-24320
-24320
-23296
-23040
-23296
-23296
-23296
-23296
-21760
-21760
-19712
-19968
-19200
-18944
-22016
-22016
-28928
-29184
27136
27136
17152
17408
9216
9472
4096
3840
768
-1024
2560
2560
7168
7168
13056
12800
18944
18944
23552
23808
27136
27136
29440
29184
31488
31744
-31232
-31488
-28928
-28928
-27136
-27392
-27648
-27392
-29952
-29952
31744
32000
28160
28160
25856
25856
24832
25088
24832
24832
24320
24320
23296
23552
21760
21760
19712
19456
17664
17408
15872
15872
14848
15104
14592
14592
15104
15360
16896
16640
18944
18944
21248
21248
22784
23040
24064
24064
24320
24576
24832
24832
25600
25344
26880
26880
28928
28928
31744
31488
-30464
-30208
-26880
-26624
-22784
-23040
-19456
-19456
-17152
-17152
-16128
-16128
-17152
-16896
-19456
-19200
-22528
-22784
-26368
-26368
-29184
-29184
-30720
-30464
-30720
-30464
-29952
-29696
-29696
-29696
-30720
-30720
32000
32256
28928
28928
25856
25856
23808
24064
22784
22784
22016
22272
20992
21248
19200
18944
17152
17152
15104
15104
14336
14336
14080
13824
13568
13568
12032
12032
8704
8704
4608
4864
-3072
512
512
5376
5120
11264
11520
16896
17152
20480
20736
21248
20992
19456
19200
16128
15872
12800
12800
10240
10496
8192
8192
5888
5888
2816
-2048
4096
3840
9728
9984
16896
17152
23040
23040
27136
27392
29952
29952
-32768
-32768
-28160
-28416
-21504
-21760
-13568
-13312
-6656
-6656
-3072
-3072
-2560
-2560
-4608
-4608
-6656
-6656
-7936
-7680
-8192
-8192
-8704
-8704
-9984
-9984
-11520
-11520
-12032
-12288
-11264
-11264
-9472
-9472
-8704
-8448
-9728
-10240
-13824
-14080
-18176
-18176
-20480
-20480
-19968
-19968
-17408
-17408
-15104
-14848
-15104
-15360
-18176
-18432
-23040
-22784
-26624
-26368
-27136
-26880
-24832
-25344
-23040
-23040
-22272
-22272
-24320
-24064
-27648
-27648
-30464
-30208
-31488
-31488
-30720
-30976
-29696
-29952
-30720
-30464
31488
31488
25856
25856
18688
18432
12544
12800
8704
8704
6400
6400
5632
5376
5120
4608
4352
4352
4096
3840
4096
3840
5120
5376
7168
7424
9472
8960
10752
10752
11520
11776
12032
12288
12288
12288
12800
13056
13568
13568
14336
14336
14336
13824
13056
12800
11520
11520
10496
10496
9984
9984
10496
10752
11776
12032
13312
13056
14848
14592
16384
16384
19200
19200
21504
21760
23552
23296
23552
23552
21248
21248
17408
17152
13312
13056
9472
9216
6400
6144
4352
4352
3328
3072
2816
3072
3584
3584
5120
4864
7424
7168
9984
10240
13312
13312
16384
16384
18688
18944
20992
20992
22272
22016
23040
23040
24576
24576
26112
26112
27904
27648
28416
28416
26880
26880
23296
23296
17920
17920
12288
12544
7680
7680
4096
3840
-1792
3328
3328
7424
7424
11008
10752
13824
14080
16640
16640
19200
18944
20480
20736
20992
20736
20736
20480
20224
20224
19712
19712
19456
19456
19456
19200
19456
19712
19456
19456
18432
18432
16640
16640
14080
14080
11264
11520
8448
8704
6144
6144
3840
3840
2048
2048
-2816
512
768
3072
3072
4864
4864
5888
5632
6912
7168
8960
8960
11520
11776
15360
15104
18688
18688
21760
21760
24576
24576
26368
26368
27392
27648
28416
28672
29440
29440
30976
30976
-31744
-31744
-28672
-28416
-24832
-25088
-21504
-21248
-18432
-17920
-15104
-15360
-12800
-12544
-9984
-10240
-6912
-7168
-3840
-3840
-1536
-1535
513
513
513
513
513
769
769
1281
1281
1793
1793
1537
1537
769
768
-768
-768
-2304
-2048
-2816
-2816
-3328
-3072
-2816
-3072
-2560
-2304
-2304
-2048
-2560
-2816
-3840
-3584
-5120
-4864
-6144
-5888
-6400
-6656
-6912
-6912
-8192
-8192
-10240
-9984
-12544
-12544
-14080
-13824
-14080
-14080
-12800
-12800
-11776
-11520
-11264
-11520
-12800
-12544
-14592
-14848
-16384
-16640
-17920
-17664
-18432
-18432
-19456
-19456
-20992
-20736
-22784
-22528
-24832
-24832
-26880
-26880
-28416
-28416
-29696
-29696
-29952
-29952
-30464
-30208
-31232
-30976
-32512
-32256
31488
31744
29696
29952
27904
27904
25856
25856
23296
22784
19200
19200
15104
15104
11520
11520
9216
9216
7680
7680
5632
5632
1792
-4096
3584
3840
7424
7168
10240
10496
12800
12800
14592
14592
16384
16640
18688
18432
21504
21504
24320
24576
27136
27136
29440
29440
30976
30720
31488
31744
32256
32256
32000
32000
30720
30976
29184
29184
27648
27392
25600
25344
23808
23808
22016
21504
18944
18944
15616
15616
12544
12544
9472
9472
7424
7424
6656
6400
6656
6656
7936
8192
9728
9728
10752
10752
10496
10496
8704
8448
5120
4864
1280
-5376
6400
6656
12288
12032
15104
15360
15104
14848
12800
12288
10496
10496
10752
10752
12800
12800
16128
15872
17408
17664
16896
17152
15616
15616
14336
14592
14848
15104
16384
16384
17920
18176
19200
18944
20224
19968
22016
22016
24576
24576
27648
27392
30464
30464
32512
-32768
-31232
-31232
-29952
-29952
-28928
-28672
-28672
-28672
-30464
-30720
30976
31232
25344
25344
18944
18944
13056
12800
7680
7680
2816
-1024
5888
5632
12032
12032
16896
16896
19456
19712
19456
19456
17152
17152
14080
14080
12800
12800
13568
13312
16128
16128
18944
18688
20736
20480
20736
20736
20736
20480
20992
20992
22784
22528
25600
25600
29184
28928
31744
32000
-31744
-31488
-30464
-30720
-29696
-29696
-28416
-28416
-26624
-26368
-24320
-24320
-21760
-21760
-19968
-19968
-18432
-18688
-17664
-17664
-16384
-16640
-15360
-15360
-14080
-13824
-12800
-12800
-12288
-12032
-12288
-12288
-13312
-13568
-15616
-15616
-17920
-17664
-19968
-19712
-20736
-20736
-20992
-20992
-20992
-20992
-22272
-22528
-25088
-25344
-29696
-29696
30976
30720
26624
26624
23552
23808
21760
21504
19712
19712
16640
16896
12288
12288
7424
7680
3328
3328
-1792
2560
2816
8448
8448
14848
14848
20224
20224
23808
24064
25856
26112
27648
27648
29184
29184
31232
30976
-32768
-32768
-31744
-31744
-31232
-31232
-29952
-29952
-28416
-28416
-26624
-26624
-25088
-24832
-24320
-24320
-24576
-24576
-25856
-25856
-27136
-27136
-28160
-28160
-29184
-29184
-28928
-29184
-28928
-28928
-28672
-28672
-29440
-29184
-31744
-31744
29440
29440
24064
24064
18688
18688
14848
15104
13056
13312
12800
12800
12032
12032
9472
9472
5120
5120
-1280
2304
2304
4864
5120
5632
5632
4864
5120
3584
3584
2816
3072
2560
2560
2048
2048
512
1280
1280
4096
3840
7936
8192
12032
12288
14336
14592
14592
14592
12544
12544
9728
9472
7168
7168
5632
5888
5376
5376
5120
5120
4864
4864
3584
3840
2304
2304
512
-3072
1280
1280
5376
5120
8448
8448
9472
9472
8960
9216
8448
8704
8192
8448
7680
7936
6400
6400
4096
3840
768
2560
2560
5888
5632
8192
8192
9216
8960
8448
8448
6400
6400
4608
4352
3328
3328
3072
2816
2816
2560
1280
-512
1536
1792
1536
2560
2816
4864
4864
7680
7936
11520
11520
15616
15616
19456
19712
22272
22528
24064
24064
24320
24832
24832
24576
24576
24576
24064
24064
23296
23296
22016
22016
20480
20480
19968
19712
20480
20224
21760
21504
23296
23040
23296
23040
21248
21504
18432
18432
16128
15872
15104
15104
16640
16384
18944
19200
21504
21504
23296
23040
24064
24064
25088
24832
26368
26112
28416
28672
30976
30720
-32256
-32512
-30976
-31232
-30208
-30208
-28672
-28672
-26112
-26112
-20992
-21248
-14848
-14848
-8960
-8960
-4864
-4608
-3072
-2816
-2816
-3072
-3328
-3328
-3328
-3328
-2048
-2048
2049
2049
4097
3841
6145
6145
8193
7937
9729
9729
10497
10497
9473
9473
7937
7681
5889
5889
4097
3841
2305
2305
-3584
-3328
-9472
-9728
-16896
-16896
-24576
-24320
-31232
-31232
28672
28672
24320
24320
19968
19968
15616
15616
11008
10752
6144
6400
2048
-768
2304
2304
6144
6400
11008
11008
15616
15872
19456
19712
22272
22784
24320
24320
25344
25088
26112
26112
26368
26368
26880
27136
26880
27136
26112
26368
24576
24576
21248
21248
17408
17664
14336
14336
13312
13312
14336
14336
16896
16896
19200
19200
19712
19968
18432
18688
16384
15872
14336
14336
13824
13824
14080
14336
14080
14080
12800
12544
9472
9472
5376
5120
1280
-2048
2304
2048
6656
6656
9984
9984
11264
11520
11520
11520
11520
11520
12800
12800
15616
15616
18688
18432
19968
19968
19968
19712
19200
18944
18944
19200
19968
19968
21760
21504
22528
22528
23040
22784
22784
22784
22784
23040
23808
24064
25856
26112
27904
27904
29440
29440
30208
30208
30464
30464
30464
30464
31232
31232
-32512
-32768
-30976
-30720
-28672
-28672
-27392
-27392
-26880
-26624
-26368
-26368
-25856
-26112
-25600
-25600
-25600
-25600
-26112
-26112
-27904
-28160
-30464
-30464
32256
32256
30208
29952
28672
28416
27904
27904
27904
27904
27648
27648
27648
27648
27392
27648
27648
27392
27648
27648
27648
27648
27392
27392
26112
26368
24576
24832
23040
22784
21760
21760
20992
20992
20992
20736
19712
19712
16896
16896
12288
12032
5376
768
768
2048
2304
3584
3328
5376
5376
8192
8192
11264
11264
13312
13312
13568
13568
12288
12288
9984
9984
7424
7680
6400
6400
5632
5888
5120
5120
3328
3584
768
-768
1536
1536
1536
1536
4352
4608
8448
8704
11264
11264
11776
12032
11008
11008
9728
9472
9216
8960
9984
9984
12032
12032
13312
13824
12544
12544
8960
8960
3328
-1024
768
768
-512
1280
1280
1792
2048
512
-2816
1792
1536
4352
4096
5376
5376
5120
5120
5376
5376
7424
7168
10240
10496
13568
13568
16128
16128
16896
16640
17152
16896
17664
17664
19968
19712
24064
24320
28928
29184
-32256
-32256
-30208
-30464
-30720
-30208
-30720
-30976
-29696
-29696
-27136
-27136
-24064
-24064
-22016
-21760
-21760
-22016
-23040
-22784
-23040
-23040
-20992
-21248
-17664
-17408
-14592
-14592
-14336
-14336
-17152
-16896
-21504
-21760
-25856
-25600
-27648
-27392
-26112
-26368
-23808
-24064
-21248
-21248
-19456
-19712
-18688
-18432
-17920
-17920
-16640
-16640
-15872
-15872
-15616
-15616
-16640
-16640
-18432
-18432
-20480
-20480
-21504
-21504
-21760
-21760
-21760
-21504
-20992
-20992
-21248
-21248
-21760
-21760
-22016
-22016
-22016
-21760
-20736
-20480
-19200
-19200
-18944
-18944
-20480
-20224
-23040
-23296
-26880
-27136
-29952
-29952
-31488
-31488
-32000
-31744
-32000
-32000
-32768
-32768
31488
31488
30976
30976
31232
31232
-32512
-32512
-30464
-30464
-28416
-28416
-26624
-26880
-25088
-25088
-23040
-23040
-20224
-20224
-17664
-17664
-15616
-15616
-14848
-14848
-15872
-16128
-18176
-18176
-21248
-20992
-23808
-23808
-25600
-25856
-26368
-26624
-26112
-26112
-25088
-24832
-23296
-23296
-21248
-21504
-19712
-19968
-19200
-19200
-19712
-19712
-20736
-20992
-22784
-22784
-24576
-24576
-25600
-25600
-26112
-26112
-26112
-26112
-26112
-26112
-27136
-26880
-29440
-29440
32000
32256
27136
27136
22016
22272
17408
17408
12800
12800
7680
7680
1280
-2304
3072
2816
4864
5120
5376
5120
4608
4608
4096
4096
4864
4864
6656
6656
8960
8704
10496
10240
10496
10496
9216
9216
7680
7680
6144
6144
4608
4608
2048
-3072
1536
1536
5120
4864
7936
7936
10496
10496
13568
13312
16640
16640
19456
19456
20992
20992
20992
20992
20224
20224
18944
18944
16896
16896
14080
14336
10240
10240
5632
5888
1024
-1024
2048
1792
4864
5120
9216
9216
14592
14336
20224
20736
26624
26624
32512
32256
-27904
-27904
-23808
-23552
-19968
-19712
-16384
-16640
-13568
-13568
-11264
-11264
-8960
-9216
-6912
-6912
-4608
-4608
-1792
-2047
513
2049
1793
2049
2049
769
768
-1792
-1792
-4608
-4608
-7424
-7424
-9728
-9728
-11520
-11264
-13312
-13568
-15360
-15360
-17408
-16896
-18432
-18432
-18432
-18688
-17920
-17920
-17408
-17664
-17920
-17920
-19456
-19456
-21248
-20992
-21760
-22016
-21504
-21248
-20224
-19968
-19712
-19968
-21760
-21760
-25344
-25600
-28928
-28928
-31488
-31744
-32256
-32000
-31744
-31744
-32000
-31744
32000
32000
28672
28416
24576
24576
22016
22016
20992
20736
20992
20736
20224
20224
17920
17920
14080
14080
8704
8704
3072
-768
1536
1536
2816
2816
5376
5120
8192
8448
12032
11776
15872
15872
19712
19712
23552
23552
27392
27904
32000
31744
-30208
-29952
-27904
-27904
-27392
-27392
-27904
-27904
-27904
-27904
-26368
-26624
-24064
-24064
-22272
-22016
-21248
-21248
-21248
-21248
-21504
-21504
-20736
-20992
-18688
-18944
-15872
-15872
-13312
-13568
-10752
-10752
-7680
-7680
-3584
-3583
1537
1793
6657
6657
9985
9985
10497
10753
8705
8961
6657
6401
4865
5121
4353
4353
3329
3585
1537
1536
-1792
-1536
-5376
-5120
-7680
-7936
-8704
-8704
-8704
-9216
-9984
-9984
-13056
-13056
-18688
-18944
-25856
-25856
-32768
-32768
27648
27392
25344
25344
25344
25088
26368
26112
26368
26624
25088
25088
22272
22528
19200
19200
16896
16896
14848
15104
13056
12800
9984
9728
5632
5632
1024
-1024
1536
1792
5120
5120
9472
9472
14336
14336
17408
17408
18944
18688
19200
18944
19712
19712
21248
21248
23552
23552
25600
25600
26368
26368
26368
26624
26880
27136
28672
28416
30976
30976
-32512
-32512
-31488
-31744
32512
32256
28416
28672
23808
23808
19200
19200
14848
14848
11008
11264
7936
8192
4352
4352
512
3072
3072
6144
6400
9216
8960
11776
11520
13312
13312
14080
14336
14080
14080
12800
12800
11520
11264
10752
10496
11008
10752
12800
12800
16128
16128
20224
20224
23552
23808
26368
26112
27392
27392
27392
27392
27648
27648
28160
27904
27904
27904
26112
25856
22016
21760
15872
16128
9984
9984
5632
5632
3328
2816
1792
1792
1024
1792
2048
5888
5632
9216
8960
10496
10496
9728
9728
7680
7424
5120
4864
2560
2816
-1536
1024
1280
3072
3072
3840
3584
3072
2816
1536
-1280
2304
2048
4864
4608
5888
5888
5888
5888
5376
5632
6912
6656
9472
9472
13568
13568
16896
17152
19200
19200
19712
19712
19200
19200
19456
19200
19712
19712
19712
19712
19456
19456
19200
19200
19456
19456
21248
20992
24064
23808
27136
27136
29696
29696
30976
30976
30464
30720
29440
29696
28416
28672
28160
28160
28416
28416
29440
29440
30976
30976
32256
32256
-31488
-31488
-29696
-29440
-26368
-26368
-22528
-22528
-18176
-18176
-14336
-14592
-11264
-11008
-7680
-7680
-4352
-4352
3329
3329
6145
6145
7425
7425
7169
7425
6913
6657
7681
7681
9729
9729
12801
12801
16129
15873
18177
18433
19713
19713
20737
20737
21249
21505
21505
21505
20993
20993
19201
19201
16385
16129
12545
12289
9217
9217
7425
7169
6657
6657
6913
6913
7169
6913
6145
5889
4097
3841
1537
1536
-512
-512
-1024
-1023
1281
1281
2049
2305
1537
1792
-768
-512
-4608
-4608
-8704
-8448
-12032
-12032
-14336
-14080
-14592
-14592
-13312
-13312
-11520
-11264
-8960
-9216
-7936
-7936
-7936
-8192
-10496
-10752
-14592
-14848
-19968
-19712
-24832
-24832
-28928
-28928
-32000
-31744
30976
30720
27648
27648
23040
22784
16896
16896
10752
10752
4864
4864
1280
1536
-1024
1280
1024
2048
2048
1280
1536
1024
1024
2048
2048
5376
5376
9472
9472
13568
13824
16384
16896
17920
17664
17664
17920
16896
17152
15872
15872
14080
14336
12544
12544
11008
11008
10496
10496
11008
11008
12800
13056
14592
14592
15104
15360
14848
14848
13824
13824
13056
13056
14080
14080
16128
15872
18176
18176
19712
19456
19200
18944
17920
17920
16896
16896
16640
16640
16640
16640
16128
16128
14336
14336
11008
11008
7424
7680
4608
4352
2560
2560
1024
-512
1024
1024
1536
1792
3328
3584
7424
7680
14592
14592
22784
22784
30720
30464
-28928
-28928
-24832
-24320
-21248
-21504
-18688
-18688
-15360
-15104
-11776
-11776
-8448
-8448
-5888
-5632
-3328
-3584
-1280
-1279
2305
1793
3585
3585
4097
3841
3329
3585
2049
1792
-768
-768
-4352
-4352
-8192
-8192
-11776
-11520
-14336
-14336
-16640
-16384
-18432
-18688
-20480
-20736
-23296
-23296
-26624
-26624
-29952
-30208
31744
31744
27904
27648
23296
23296
18176
18176
12800
13056
8192
7936
4352
4608
2048
2048
-1280
1536
1536
3072
3072
4352
4352
6144
6400
10240
9984
15360
15360
20736
20736
24576
24320
25856
25856
25856
25856
25856
26112
27904
27904
32512
-32768
-26368
-26624
-19456
-19712
-13056
-13056
-7424
-7424
-2816
-2815
1537
1537
5377
5121
8193
7937
9217
9217
8961
8705
7425
7425
5633
5889
4353
4353
3841
3841
3841
3585
4097
3841
4097
4097
3585
3585
3585
3585
4097
4097
4865
4865
4609
4609
2561
2560
-768
-1024
-4608
-4608
-6400
-6400
-5376
-5376
-1792
-1791
2561
2561
5633
5889
6657
6657
6913
6913
7169
7169
8193
7937
9217
8961
8449
8193
5121
4864
-1024
-768
-7168
-7168
-12544
-12800
-16640
-16640
-19968
-19968
-23296
-23552
-27904
-27904
32000
32000
26880
26880
22272
22528
18688
18944
14336
14336
8448
8704
1536
-4096
3584
3584
5120
5120
4864
4864
4096
4096
3840
3840
5376
5120
7424
7168
8960
8960
9472
9472
9728
9728
10752
11008
14336
14080
19200
19200
24320
24064
28160
28160
30208
29952
30976
30976
31744
31488
-32256
-32256
-30208
-30208
-28672
-28672
-28672
-28672
-30208
-30464
32000
32000
28928
28672
26368
26112
24320
24320
23040
23296
21760
21760
19712
20224
17408
17408
14336
14080
10752
10496
6912
6656
3072
-2560
2304
2304
2816
3072
2304
2304
2560
2560
4864
4864
5888
6144
6656
6144
6400
6400
6144
6144
5632
5632
4864
5120
3840
3840
2304
2304
1280
1536
1536
1792
3072
3072
5120
5120
7936
8192
11008
11008
14080
13824
18176
18432
22784
22784
27648
27904
30976
30976
31232
31232
28928
28928
25344
25088
22272
22528
21248
21248
21760
21504
22016
22016
20480
20480
17152
17152
12288
12288
7424
7680
4864
4864
3840
3584
3328
3584
3072
3072
2560
2304
1792
1792
2304
2304
4608
4608
7680
7680
10752
10752
12800
12544
12800
13056
12544
12800
13056
13056
14336
14336
16384
16640
18176
18176
17920
17920
15104
14848
10496
10496
5888
5888
2304
2304
512
-5120
1792
1792
9472
9216
15360
15616
19968
19712
22016
22272
22784
22272
22272
22272
21504
21504
20480
20736
19712
19968
18944
18944
18432
18432
17920
17920
16896
16896
14848
14848
12544
12544
9216
9216
6144
5888
3072
3072
1024
-3840
3584
3584
6144
6144
8704
8448
11264
11520
14592
14848
17920
17920
20224
20224
20992
20992
20480
20480
18944
18944
17408
17664
16896
16896
16384
16128
15104
15360
13056
13056
9984
9728
6400
6400
4352
4096
3840
4096
5120
5120
7168
6912
8192
8448
8960
8960
9984
9728
10752
10752
12288
12288
13824
14080
15616
15616
17152
17152
18944
18944
21248
20992
24064
23552
26880
26880
29952
29952
-32256
-32000
-28160
-28160
-23808
-23808
-19200
-19200
-15872
-15872
-14592
-14592
-15104
-15104
-17152
-16896
-19456
-19200
-21504
-21504
-23552
-23552
-25856
-25856
-28928
-28416
-31744
-31744
30976
30976
29184
28928
28160
28160
27904
27904
27648
27392
26624
26624
24576
24576
22272
22272
19456
19712
17408
17408
16640
16384
16384
16640
17152
17152
18432
17920
19456
19712
21248
21248
23040
23040
24832
24832
26624
26368
28416
28416
30208
30464
32512
32512
-29952
-29952
-26880
-26880
-23296
-23552
-20480
-20480
-17152
-17152
-13824
-13824
-9728
-9728
-5632
-5376
-2048
-2304
-768
-768
-1280
-1280
-3328
-3328
-5632
-5632
-7424
-7424
-8960
-8960
-10240
-10240
-11776
-11776
-13824
-13824
-15872
-15872
-18176
-18176
-21504
-21504
-25856
-25856
-30720
-30720
29696
29952
25344
25088
22016
22272
19968
19968
18432
18176
16384
16128
13824
13824
10496
10496
7424
7424
4864
4864
2816
2560
768
-1280
1536
1536
5120
5120
9216
9216
13568
13568
17408
17408
20736
20736
24320
24320
28416
28416
-31744
-31488
-25088
-25088
-18432
-18688
-12288
-12032
-6400
-6400
-1024
4865
4609
9729
9729
14593
14593
18433
18689
20993
21249
23041
23041
23297
23809
22273
22273
19457
19457
15361
15617
11777
11777
8961
8961
7425
7681
6913
6657
6401
6401
5377
5633
4353
4609
3329
3329
2561
2561
2305
2049
2049
2305
2049
2305
2305
2049
3329
3073
3841
3841
4353
4353
3585
3585
1793
1792
-1024
-1024
-3584
-3840
-6144
-6144
-7936
-7936
-10240
-10240
-13568
-13824
-17920
-17920
-21760
-21760
-24064
-24320
-23808
-23552
-21760
-21760
-18688
-18688
-16640
-16640
-16640
-16384
-17920
-18176
-19968
-20224
-21504
-21504
-21248
-21248
-19456
-19456
-16896
-16896
-14080
-14336
-12032
-12032
-10240
-10496
-8704
-8704
-7168
-6912
-5120
-5120
-3328
-3072
-2304
-2048
-2048
-2304
-3328
-3072
-4352
-4352
-5632
-5120
-6656
-6400
-8704
-8448
-12800
-12544
-18176
-18176
-24832
-24832
-31488
-31488
28160
28160
22272
22272
17152
16896
12032
12288
8960
8960
8448
8704
10240
10240
13312
13568
16384
16384
17920
18176
18688
18944
18944
18944
20224
20480
23296
23040
27136
27136
31488
31488
-31232
-30976
-30720
-30720
-32000
-32000
30976
30720
27392
27648
24320
24320
20992
21248
17408
17152
13312
13056
9216
9216
6400
6656
5632
5632
5632
5632
5632
5632
3584
-641
-8448
3584
3328
17408
17408
-32000
-32000
-16128
-16128
-2304
-2303
8449
8193
16897
16641
25601
25601
-28671
-28415
-16127
-16383
-4095
-4094
531
4866
531
4866
550
9730
549
9474
557
11522
556
11266
562
12802
561
12546
576
16386
576
16386
604
23554
605
23810
-31998
-31742
-21758
-21758
-13054
-12798
-7678
-7422
-4606
-4350
-3326
-3582
-4094
-4094
-6142
-6142
-9726
-9726
-15102
-14846
-21246
-21246
-26878
-27134
-31742
-31486
632
30722
632
30722
621
27906
621
27906
604
23554
604
23554
579
17154
578
16898
547
8962
546
8706
514
514
514
513
-6655
-6911
-12543
-12543
-19711
-19455
-28159
-28159
26625
26625
16129
15873
7937
8193
3329
3329
-4352
-4352
-12544
-12544
-23552
-23552
31232
30720
22016
22272
18176
18176
17152
16896
16384
16128
13312
13568
7680
-512
-6912
512
6144
6144
10240
10240
11776
11520
11008
11008
9216
9472
7936
7936
8192
8448
9472
9472
12288
12032
16896
16896
24064
24064
-31232
-30976
-17152
-17152
-1536
-1535
14337
14337
28161
28417
-27647
-27647
-23039
-22783
-23807
-23807
-28671
-28415
32257
32257
28929
28929
27905
28161
27137
26881
23297
23297
16129
16129
7937
8193
2817
2561
2561
2561
7425
7425
14081
14081
19969
19969
23553
23553
25601
25857
27905
27649
30465
30209
32001
32001
30209
30209
24065
24065
13569
13057
513
512
-12800
-12800
-25344
-25344
28672
28672
17664
17920
8448
8448
2560
2560
768
768
2816
2560
6400
6400
9216
9216
9216
9472
6400
6656
1792
-512
-644
-644
-658
-659
-657
-656
-644
-645
-9472
7168
7424
24832
24832
-22272
-22528
-3840
-3583
13825
14081
28161
28161
-27903
-27903
-23807
-23807
-24319
-24319
-28159
-28159
32513
32257
27393
27137
23297
23297
19713
19713
16385
16129
12545
12545
8449
8705
6145
6401
7425
7425
12033
11777
19457
19201
26625
26625
31489
31489
32513
32513
29697
29697
25089
24833
19713
19457
15105
15105
12289
12033
11265
11265
12033
11777
13569
13569
16129
16129
18689
18945
20993
21249
23553
23553
24833
25089
26113
25857
26881
26625
27393
27393
28417
28161
28673
28673
27137
27137
23297
23041
17153
17153
10497
10497
5889
5889
4353
4353
5377
5633
7681
7681
8193
8193
6913
7169
5889
5889
7425
6913
11777
12033
18689
18433
23041
23297
22017
22273
14081
14081
769
1024
-13056
-13312
-25600
-25600
29440
29440
19200
19200
7424
-3328
8704
8704
22016
22272
-28928
-28928
-14848
-14848
-1792
-1791
9473
9473
20481
20225
32513
-32767
-19199
-19199
-6399
-6398
519
1794
519
1794
517
1282
517
1281
-8703
-8959
-25855
-25599
19713
19969
1281
1024
-12800
-12800
-23040
-23296
-29952
-29952
31744
31744
30720
30464
-32000
-32256
-26112
-26112
-18688
-18944
-11520
-11520
-5632
-5376
6913
6913
17409
17409
31233
31233
-18175
-18175
-1279
-1278
572
15362
571
15106
-32766
-32510
-14078
-14333
783
3843
784
4099
845
19715
844
19459
881
28931
881
28931
890
31235
891
31491
874
27139
875
27395
846
19971
847
20227
817
12547
818
12803
791
5891
791
5890
-1278
-1534
-11006
-10750
-24830
-24830
602
23042
603
23298
527
3842
526
3585
-14847
-14847
-31231
-31231
20737
20737
9473
9472
-512
-8960
-9216
-16896
-16896
-22784
-22528
-25856
-25856
-25856
-26112
-22016
-22016
-14592
-14336
-4352
-4095
7937
8193
20993
20993
-31231
-31487
-18175
-18431
-6911
-7166
514
514
515
770
525
3330
525
3329
-8959
-8959
-20991
-20991
30209
30209
14849
15104
-1536
-1536
-19712
-19712
26368
26368
5376
-512
-512
-646
-645
-666
-667
-685
-684
-692
-693
-687
-686
-667
-667
-722
-723
-908
-908
-988
-988
-1015
-1016
-996
-996
-979
-978
-957
-957
-939
-939
-928
-929
-932
-932
-951
-950
-978
-978
-1012
-1012
-1156
-1156
-1218
-1217
-1269
-1269
-1262
-1263
-1207
-1208
-987
-987
-948
-948
-917
-917
-750
-750
-708
-708
-667
-667
-643
-642
-661
-660
-656
-657
-8192
7168
6912
19968
19712
30720
30976
-25856
-25600
-19712
-19456
-18176
-18176
-19200
-19200
-21760
-22016
-23296
-23552
-23296
-23296
-23296
-23552
-26368
-26112
-32768
32512
22528
22272
12800
12800
7424
7936
8448
8448
15104
15104
25344
25600
-28160
-27904
-14080
-13823
1537
1537
19713
19457
-27903
-27903
-12543
-12799
-4351
-4351
-4607
-4351
-12543
-12543
-25343
-25599
26625
26625
15873
15873
10497
10497
11009
11009
16129
16129
24321
24321
-32511
-32255
-25343
-25343
-20479
-20479
-17663
-17663
-14847
-14847
-9983
-9727
-3071
-3070
527
3842
528
4098
547
8962
546
8706
552
10242
552
10242
549
9474
550
9730
546
8706
546
8706
547
8962
547
8962
554
10754
554
10754
556
11266
556
11266
545
8450
543
7938
515
770
515
769
-9983
-9983
-21503
-21759
-30719
-30719
29441
29441
28673
28417
30465
30721
-31487
-31743
-27903
-27903
-23807
-24319
-17663
-17663
-6143
-6142
560
12290
559
12034
-28158
-28157
775
1795
776
2051
895
32515
895
32515
-4093
-4092
1107
21252
1106
20996
-22268
-22268
-2300
-2299
1339
15109
1339
15109
1394
29189
1394
29189
-27899
-27899
-27131
-27387
-32507
-32507
1375
24325
1375
24325
1340
15365
1339
15109
1313
8453
1313
8453
1296
4101
1296
4101
1282
517
1281
-3324
-3580
-9212
-8956
-16636
-16892
-25852
-25852
1144
30724
1143
30468
1120
24580
1119
24324
1111
22276
1111
22276
1115
23300
1116
23556
1124
25604
1124
25604
1125
25860
1125
25860
1109
21764
1110
22020
1077
13572
1078
13828
1037
3332
1037
3331
-8189
-8189
-18685
-18685
-26621
-26621
-31741
-31485
-32253
-32253
-29437
-29693
-26877
-26877
-26109
-26109
-28925
-28669
894
32259
895
32515
882
29187
882
29187
873
26883
874
27139
864
24579
864
24579
841
18691
841
18691
791
5891
791
5890
-11518
-11518
-30206
-30462
583
18178
584
18434
532
5122
532
5121
-5887
-5887
-18431
-18175
-31999
-31999
19201
19201
9473
9473
7937
7681
14593
14593
27905
27905
-23295
-23295
-10751
-11007
-1023
-766
541
7426
540
7170
566
13826
567
14082
588
19458
587
19202
590
19970
588
19458
564
13314
564
13314
513
513
-17663
-17919
29953
29953
16385
16129
6657
6913
769
768
-6144
-6144
-16640
-16384
-29952
-29952
20736
20480
6656
-653
-655
-677
-678
-678
-678
-657
-657
-649
-648
-679
-677
-698
-699
-717
-716
-738
-738
-761
-760
-743
-743
-724
-724
-695
-696
-661
-661
-666
-665
-702
-702
-722
-722
-715
-716
-687
-687
-653
-652
-645
-644
-649
-649
-649
-650
-652
-652
-662
-663
-675
-675
-675
-676
-653
-653
-661
-662
-725
-726
-762
-762
-765
-765
-746
-747
-731
-731
-735
-734
-750
-750
-759
-759
-743
-741
-695
-695
-659
-659
-660
-661
-646
-646
-651
-651
-661
-660
-654
-654
-512
-3584
20224
19968
-24832
-24576
-6656
-6399
11265
11265
30721
30465
-13567
-13566
537
6402
538
6658
601
22786
601
22786
-32766
-32766
-28158
-28158
-25342
-25342
-21758
-22014
-15358
-15102
-8190
-8190
-3326
-3582
-3582
-3582
-7934
-8190
-13310
-13310
-16894
-16894
-18942
-18942
-24318
-24318
618
27138
619
27394
525
3330
526
3585
-27391
-27135
9473
9216
-11264
-11264
-21504
-21248
-24576
-24320
-25856
-25856
-28416
-28416
-31232
-31232
-30464
-30208
-22016
-22016
-8704
-8703
4097
4097
11009
11009
9473
9729
2817
2816
-2304
-2304
-2048
-1791
4609
4353
11777
12033
15105
14849
11265
11265
2817
2816
-6656
-6656
-13056
-13056
-16896
-16896
-20992
-20736
-27136
-26880
29696
29696
21760
21760
16896
16896
16384
16384
16640
16640
13056
13312
3328
-6912
8448
8448
28928
29440
-12800
-12799
9473
9473
25601
25857
-30719
-30719
-27135
-27391
-24831
-24319
-18175
-18175
-7935
-7678
528
4098
528
4098
563
13058
562
12802
572
15362
572
15362
565
13570
565
13570
556
11266
556
11266
557
11522
557
11522
573
15618
572
15362
590
19970
589
19714
594
20994
594
20994
584
18434
585
18690
570
14850
571
15106
570
14850
570
14850
593
20738
594
20994
637
32002
637
32002
-22014
-22270
-16382
-16382
-17406
-17406
-24062
-24062
-30974
-30974
637
32002
637
32002
-30206
-30462
-24574
-24318
-21758
-21758
-26366
-26366
621
27906
620
27650
562
12802
562
12801
-10495
-10239
-20223
-20223
30721
30721
9985
10240
-13824
-14080
30464
30208
17664
17664
13568
13568
15104
14848
15360
15104
11008
11264
2048
-4352
12288
12288
27136
26880
-27648
-27648
-20480
-20480
-14592
-14336
-7680
-7680
6913
6657
11777
11777
13313
13569
14849
14849
18689
18689
28417
28673
-20991
-20991
-2559
-2558
567
14082
568
14338
611
25346
612
25602
634
31234
634
31234
-30206
-29950
-24318
-24318
-14078
-14334
825
14595
825
14595
878
28163
878
28163
-25853
-25853
-16125
-16125
-6653
-6908
1033
2308
1034
2564
1057
8452
1057
8452
1063
9988
1064
10244
1051
6916
1050
6660
1025
1025
-5629
-5629
-8189
-8189
-7677
-7677
-5117
-5373
-2301
-2300
1025
1025
1044
5124
1045
5380
1079
14084
1079
14084
1124
25604
1124
25604
-28156
-28156
-20988
-20988
-21244
-20988
-26876
-27132
1139
29444
1139
29444
1100
19460
1101
19716
1059
8964
1060
9219
-6141
-6141
-28925
-28925
790
5635
790
5634
-30718
-30719
-1279
-1279
32513
32513
4609
4608
-20736
-20736
18688
-3328
10752
10752
26112
26368
-24576
-24576
-13056
-13312
-8448
-8192
-9984
-9984
-16384
-16384
-25600
-25344
29696
29696
18432
18176
5120
-657
-658
-745
-746
-935
-934
-982
-982
-967
-967
-910
-910
-731
-731
-673
-674
13824
13568
24064
23808
28416
28416
27648
27648
23296
23552
18944
19200
15104
15104
10496
10496
2560
-4352
6400
6400
17920
17920
27136
27392
31488
31744
32256
32512
-32256
-32256
-28672
-28672
-21248
-21248
-12544
-12800
-8192
-8192
-11008
-10752
-20992
-20992
30976
31488
20480
20224
14336
14336
12288
12288
11776
11776
8448
8192
2560
-1280
5888
5888
18688
18688
-32768
-32512
-19200
-19200
-6912
-7167
6913
6913
25601
25601
-16383
-16638
542
7682
542
7682
622
28162
621
27906
-24318
-24062
-16126
-16126
-9982
-9726
-1278
-1021
806
9731
806
9731
841
18691
842
18947
849
20739
849
20739
820
13315
819
13058
-2814
-2558
-20990
-20990
624
28674
623
28418
577
16642
577
16642
536
6146
536
6145
-7423
-7423
-24831
-25343
21505
21761
7937
7937
4353
4353
11521
11265
24065
24065
-29951
-29951
-24319
-24319
-25087
-24831
-27903
-27903
-27903
-28159
-24319
-24063
-18175
-17919
-13311
-13311
-13567
-13311
-17407
-17407
-22527
-22527
-25087
-25343
-23807
-23807
-20223
-20223
-16895
-17151
-16127
-16127
-17151
-17151
-17407
-17407
-15103
-15359
-10751
-10751
-6143
-6655
-4607
-4607
-5631
-5887
-7167
-7167
-5887
-5887
541
7426
541
7426
566
13826
566
13826
572
15362
572
15362
552
10242
552
10242
515
770
515
769
-8703
-8959
-17151
-17151
-24319
-24575
-32511
-32255
22017
22273
8961
8704
-3328
-3072
-10496
-10240
-9984
-9984
-3072
-3071
8705
8705
21761
22017
-29951
-29951
-16383
-16639
-2815
-2814
554
10754
554
10754
601
22786
601
22786
637
32002
636
31746
-29438
-29182
-29438
-29438
-32510
-32510
622
28162
623
28418
604
23554
604
23554
586
18946
586
18946
565
13570
566
13826
539
6914
539
6913
-767
-767
-6655
-6655
-8959
-8959
-5887
-5886
515
770
515
770
540
7170
540
7170
555
11010
554
10754
555
11010
556
11266
547
8962
547
8962
545
8450
544
8194
551
9986
551
9986
564
13314
565
13570
574
15874
574
15874
572
15362
572
15362
560
12290
561
12546
550
9730
550
9730
557
11522
556
11266
580
17410
580
17410
613
25858
613
25858
639
32514
639
32514
-32254
-32254
622
28162
621
27906
590
19970
590
19970
566
13826
566
13826
565
13570
566
13826
590
19970
589
19714
627
29442
626
29186
-27646
-27646
-23038
-23038
-23550
-23550
-26110
-26110
-28158
-28158
-27390
-27646
-25854
-25854
-26622
-26878
635
31490
636
31746
579
17154
579
17153
-3071
-2815
-24063
-24063
22529
22273
6145
5888
-8448
-8192
-23552
-23552
26368
26368
12800
12800
2816
-655
-654
-691
-690
-695
-695
-679
-678
-659
-660
-653
-653
-656
-656
-657
-656
-646
-646
-641
-641
-664
-664
-701
-700
-753
-752
-911
-911
-919
-920
-933
-933
-961
-961
-990
-990
-1013
-1012
-1015
-1015
-996
-996
-970
-971
-950
-950
-944
-944
-954
-954
-969
-968
-978
-977
-979
-980
-979
-977
-985
-985
-1004
-1005
-1171
-1172
-1220
-1220
-1255
-1255
-1276
-1276
-1245
-1246
-1179
-1179
-1002
-1002
-978
-977
-959
-960
-939
-939
-916
-917
-901
-901
-901
-901
-920
-920
-948
-948
-975
-974
-988
-986
-980
-981
-964
-964
-946
-946
-928
-927
-908
-908
-755
-754
-682
-682
-6912
4864
4864
13568
13568
19968
20224
27648
27904
-26368
-26368
-10752
-10751
6145
6145
18433
18433
24577
24577
25601
25601
25601
25345
28417
28417
-31231
-31231
-24575
-25087
-21247
-20991
-22783
-22783
-27391
-27647
-31743
-31743
-31999
-32255
-27391
-27391
-19711
-19711
-13055
-12799
-10239
-9983
-12031
-11775
-16639
-16639
-19967
-19967
-19711
-19711
-15615
-15359
-7935
-7935
533
5378
533
5378
548
9218
548
9218
556
11266
555
11010
560
12290
560
12290
563
13058
564
13314
562
12802
562
12802
559
12034
559
12034
561
12546
561
12546
578
16898
578
16898
618
27138
617
26882
-23550
-23294
-5374
-5373
818
12803
819
13059
879
28419
880
28675
-23037
-22781
-8957
-8956
1050
6660
1050
6660
1116
23556
1116
23556
-27900
-27644
-20988
-21244
-23548
-23548
1146
31236
1145
30980
1092
17412
1092
17412
1054
7684
1055
7940
1045
5380
1044
5124
1066
10756
1066
10756
1102
19972
1102
19972
1137
28932
1138
29188
-28924
-28668
-22012
-22268
-14076
-13820
-2812
-2811
1317
9477
1317
9477
1357
19717
1358
19973
1382
26117
1381
25861
1389
27909
1388
27653
1384
26629
1384
26629
1384
26629
1384
26629
1392
28677
1390
28165
1401
30981
1401
30981
1406
32261
1406
32261
1393
28933
1393
28933
1360
20485
1361
20741
1315
8965
1315
8964
-4348
-4348
-18428
-18172
1150
32260
1150
32260
1081
14596
1081
14595
-4861
-4861
-24061
-24317
870
26115
869
25859
837
17667
837
17667
834
16899
834
16899
852
21507
851
21251
875
27395
875
27395
886
30211
887
30467
885
29955
883
29443
873
26883
873
26883
863
24323
863
24323
862
24067
862
24067
869
25859
869
25859
869
25859
869
25859
854
22019
854
22019
822
13827
821
13571
777
2307
777
2306
-8190
-8190
-16894
-17150
-25598
-25342
628
29698
628
29698
566
13826
564
13313
-6399
-6399
-26879
-26623
21761
21761
11009
11009
3073
3072
-6144
-6144
-19968
-19968
26624
26880
6912
-10752
6400
6400
11520
11520
16640
16896
21504
21760
24576
24320
21248
21248
9472
-669
-669
-739
-739
-900
-900
-984
-984
-1229
-1228
-1273
-1273
-1235
-1236
-1201
-1201
-1166
-1166
-1016
-1016
-947
-947
-731
-730
-660
-661
-2560
10752
10752
21760
21504
29696
29440
-30976
-30720
-26880
-26624
-20992
-20736
-11776
-12031
513
513
14849
15105
29697
29697
-21759
-21503
-7423
-7422
537
6402
537
6402
590
19970
590
19970
632
30722
631
30466
-29182
-29438
-28926
-28926
-31998
-31998
628
29698
629
29954
620
27650
620
27650
620
27650
620
27650
619
27394
619
27394
612
25602
612
25602
594
20994
594
20994
566
13826
566
13826
536
6146
536
6145
-1023
-1279
-6655
-6655
-12031
-12031
-18431
-18175
-26367
-26367
30209
29953
21505
21505
15617
16129
15105
15105
18689
18689
25601
25089
32513
32257
-26879
-26879
-21503
-21759
-17407
-17663
-14591
-14591
-13823
-13823
-16127
-16127
-22015
-21759
-30207
-30207
27137
26881
22273
22529
22273
22273
26625
26369
-32255
-32255
-25855
-25855
-18943
-18943
-9727
-9982
524
3074
524
3074
598
22018
598
22018
-20222
-20221
789
5379
788
5123
888
30723
889
30979
-10493
-11004
1068
11268
1068
11268
1150
32260
1149
32004
-14076
-14075
1295
3845
1295
3845
1358
19973
1358
19973
-32507
-32507
-22523
-22267
-15355
-15355
-11515
-11515
-9211
-9211
-8955
-8955
-12795
-12795
-21755
-22011
1388
27653
1388
27653
1298
4613
1299
4868
-22268
-22268
1086
15876
1086
15875
-8445
-8445
-27389
-27389
865
24835
864
24579
832
16387
831
16131
815
12035
815
12035
811
11011
811
11011
815
12035
815
12035
823
14083
822
13827
825
14595
824
14339
818
12803
818
12803
798
7683
798
7682
-766
-766
-10750
-10750
-20990
-20990
-31230
-31230
611
25346
612
25602
575
16130
575
16130
537
6402
537
6401
-3583
-3583
-15359
-15103
-27647
-27647
26369
26369
14081
13825
1537
1536
-11776
-11264
-27648
-27904
18432
-705
-704
-924
-924
-978
-978
-1022
-1022
-1168
-1167
-1230
-1230
-1419
-1420
-1484
-1485
-1685
-1684
-1702
-1703
-1713
-1714
-1721
-1722
-1721
-1721
-1709
-1710
-1681
-1681
-1529
-1530
-1483
-1483
-1450
-1450
-1429
-1430
-1421
-1421
-1423
-1424
-1429
-1428
-1424
-1424
-1247
-1245
-1184
-1185
-1001
-1001
-936
-937
-739
-739
-705
-705
-678
-678
-656
-656
-644
-643
-20224
6144
6400
-31488
-31232
-2560
-2559
29185
29185
-2047
-2046
636
31746
636
31746
-1278
-1277
877
27907
877
27907
-13053
-13052
1060
9220
1060
9220
1137
28932
1137
28932
-19452
-19708
-4092
-3835
1317
9477
1316
9221
1365
21765
1365
21765
-30971
-30715
-18427
-18427
-6907
-6906
1550
3590
1550
3590
1579
11014
1579
11014
1605
17670
1605
17670
1630
24070
1630
24070
1663
32518
1663
32518
-22266
-22010
-9978
-10489
1795
775
1795
775
1827
8967
1827
8967
1848
14343
1848
14343
1854
15879
1855
16135
1850
14855
1849
14599
1836
11271
1836
11271
1806
3591
1806
3590
-7418
-7418
-23290
-23290
1619
21254
1619
21253
-2811
-3067
-30459
-30459
1299
4869
1298
4612
-28156
-28156
1030
1540
1030
1539
882
29187
883
29442
-6910
-7166
611
25346
610
25089
-2303
-1791
-24319
-24319
21505
21505
2561
2304
-18432
-18176
26368
26368
7936
-6400
11008
11264
26112
26112
-25088
-25088
-9984
-9727
7937
7937
28673
28673
-15871
-15870
524
3074
523
2818
584
18434
585
18690
633
30978
634
31234
-22526
-22526
-9982
-9725
782
3587
781
3331
827
15107
826
14851
850
20995
850
20995
847
20227
847
20227
817
12547
817
12547
768
768
-14590
-14846
-30206
-30206
591
20226
590
19970
528
4098
528
4097
-12799
-12799
-30207
-30207
18177
18177
2817
2560
-10240
-10240
-20224
-20480
-27904
-27648
31744
31744
27136
26880
22528
22528
17920
17664
12800
12544
6656
-5888
1024
1024
2816
3072
2304
2304
3584
3840
11008
11008
24064
24064
-27648
-27904
-18176
-18176
-14080
-14336
-13568
-13568
-12288
-12032
-8448
-8448
-4096
-4096
-3584
-3840
-11008
-11264
-25600
-25856
23808
23808
11776
11520
5120
5120
2816
-4608
7424
7424
18176
18176
24832
25088
25856
25600
22272
22272
16384
16384
10752
10752
5632
5632
512
-7424
3840
3840
18944
18944
-30208
-30208
-15872
-16128
-4096
-4095
6657
6401
17665
17409
29953
29953
-24575
-24575
-18687
-18687
-20223
-20223
-27903
-27903
27905
27905
21761
21761
20993
20737
22785
22529
21249
21249
12033
12032
-5632
-5632
-26624
-26624
19712
19712
5376
-14336
512
768
7168
7168
4096
-1792
9472
9216
19200
19200
25856
25856
30720
30976
-26880
-27136
-12544
-12543
8449
8705
-32511
-32767
-10495
-10238
536
6146
536
6146
585
18690
584
18434
628
29698
627
29442
-23294
-23294
-10238
-9981
771
771
770
515
786
4611
786
4611
772
1027
772
1026
-7422
-7166
-16126
-16382
-22526
-22270
-26622
-26878
-32510
-32254
605
23810
606
24066
555
11010
555
11009
-2047
-2047
-11263
-11519
-15615
-15871
-17663
-17407
-21247
-20991
-30207
-30207
21249
21249
6657
6400
-5120
-5120
-11520
-11264
-14080
-14080
-18176
-17920
-26112
-26368
26880
26880
14080
14080
5888
5632
4096
3840
7168
6912
11008
11008
11264
11264
7424
7168
1536
-15872
6656
6656
23552
23552
-26880
-27136
-9728
-9471
12801
12545
-28927
-28671
-9215
-9214
513
514
513
-767
-767
-6911
-6911
-11007
-11007
-8959
-8959
-1279
-1534
532
5122
533
5378
535
5890
535
5889
-9471
-9471
-16895
-16895
-19711
-19711
-20735
-20479
-24831
-25087
28161
28417
8193
7936
-15360
-15360
29440
29440
14336
14336
1536
-644
-643
-648
-649
-671
-672
-712
-712
-751
-751
-764
-765
-741
-741
-695
-695
-650
-651
-768
7936
7680
23296
23296
-24576
-24576
-13056
-13312
-12800
-12544
-22016
-21760
30208
30208
19200
19200
12288
12544
7424
-665
-665
-672
-672
-653
-653
-2304
5376
5120
16896
16640
29184
29184
-27648
-27904
-24320
-24064
-23296
-23040
-18688
-18688
-8704
-8959
6145
6401
19969
19713
27393
27393
27393
27393
23297
23297
21505
21761
25089
25089
30977
31233
-31231
-31231
30465
30209
18689
18689
4353
4352
-7168
-6912
-12032
-11776
-11776
-12288
-12544
-12544
-16896
-16640
-24832
-25088
31744
31488
27648
27648
30208
29952
-28928
-28672
-23040
-23040
-22016
-22272
-26368
-26368
-31232
-31232
-32000
-32000
-26880
-26880
-18176
-18176
-10496
-10752
-8448
-8704
-12288
-12032
-17920
-17920
-22784
-23040
-25088
-25088
-26112
-25856
-27904
-27648
-31488
-31488
29440
29440
25344
25344
24320
24576
26624
26368
30976
30464
-31232
-31488
-30464
-30720
32000
32256
26368
26368
20736
20736
18432
18688
21760
21760
29184
29184
-27392
-27136
-20480
-20480
-16896
-16896
-16128
-16384
-15872
-15872
-13056
-13056
-7680
-7680
-1280
-1279
4609
4865
8705
8705
12289
12033
17921
17921
26625
26881
-26111
-26111
-12287
-12286
513
513
556
11266
556
11266
593
20738
594
20994
631
30466
631
30466
-24830
-25086
-16638
-16638
-12542
-12286
-14590
-14590
-22526
-22782
-32766
639
32514
601
22786
601
22786
574
15874
575
16130
558
11778
558
11778
548
9218
547
8962
539
6914
540
7170
537
6402
537
6402
545
8450
545
8450
567
14082
567
14082
602
23042
602
23042
-32510
-32510
-23806
-23806
-17150
-17406
-13054
-13054
-9726
-9982
-6910
-6910
-5374
-5118
-5886
-6142
-11262
-11262
-21246
-21246
633
30978
633
30978
576
16386
576
16386
522
2562
523
2817
-8447
-8447
-15871
-15615
-19199
-19199
-19199
-19199
-17919
-17663
-16383
-16639
-15871
-15871
-15615
-15615
-13567
-13823
-10751
-10751
-7935
-7679
-7679
-7935
-12543
-12543
-20735
-20991
-30975
-30975
25345
25345
17665
17665
10497
10497
2049
2048
-6912
-6656
-14592
-14336
-19200
-19200
-18944
-19200
-15616
-15616
-11264
-11008
-6912
-6912
-4352
-4352
-1280
-1279
4097
4097
12033
11777
20993
20993
27905
28161
30209
30209
27905
27649
23553
23553
21249
21249
24065
24065
30209
29953
-29951
-29951
-28415
-28415
32513
-32767
24065
24065
14081
14081
3841
3840
-7168
-7168
-21248
-21248
25088
25088
2304
-650
-650
-683
-683
-705
-705
-730
-730
-899
-900
-927
-928
-949
-950
-951
-951
-926
-926
-765
-765
-748
-748
-729
-728
-714
-714
-713
-713
-726
-725
-744
-743
-755
-756
-765
-764
-934
-933
-960
-959
-968
-969
-977
-978
-1000
-1001
-1176
-1175
-1220
-1220
-1241
-1241
-1246
-1245
-1247
-1247
-1259
-1258
-1277
-1277
-1271
-1271
-1234
-1234
-1189
-1190
-1019
-1019
-987
-987
-965
-964
-956
-957
-960
-960
-969
-969
-973
-973
-961
-962
-934
-934
-758
-758
-686
-687
-6656
5120
4864
15872
15360
21504
21760
22784
22784
21248
21248
21248
21504
26624
26368
-30976
-30976
-22016
-22528
-15872
-15872
-13312
-13312
-12544
-12544
-12288
-12288
-12544
-12288
-14080
-14336
-18432
-18688
-25088
-25344
-30720
-30720
32512
32512
-32256
-32000
-29440
-29440
-28672
-28672
-30976
-31232
31232
31232
30208
30208
-30976
-31232
-22784
-22784
-13056
-13312
-5120
-5375
5889
6145
15873
15873
30465
30209
-17663
-17663
558
11778
558
11778
583
18178
584
18434
588
19458
587
19202
575
16130
574
15874
555
11010
556
11266
530
4610
531
4865
-1023
-1023
-3327
-3071
-1535
-1534
529
4354
530
4610
556
11266
557
11522
572
15362
572
15362
576
16386
576
16386
575
16130
575
16130
586
18946
586
18946
622
28162
622
28162
-22014
-22014
-4350
-4349
813
11523
814
11779
857
22787
858
23043
890
31235
889
30979
-26365
-26365
-16125
-16125
-3069
-3324
1059
8964
1060
9220
1091
17156
1091
17156
1103
20228
1103
20228
1098
18948
1099
19204
1089
16644
1089
16644
1088
16388
1088
16388
1097
18692
1097
18692
1113
22788
1112
22532
1131
27396
1131
27396
1143
30468
1143
30468
1151
32516
1151
32516
-31740
-31740
-31740
-31484
-31484
-31740
1151
32516
-32508
1149
32004
1149
32004
-32252
-32508
-28924
-28668
-23548
-23804
-18172
-18428
-14844
-14588
-13052
-13308
-12028
-11772
-7932
-7931
1284
1029
1284
1029
1337
14597
1338
14853
1394
29189
1394
29189
-24827
-24827
-18939
-18939
-17915
-17915
-17915
-18171
-15867
-15867
-11515
-11003
-5371
-5115
-2043
-2043
-4347
-4347
-11515
-11515
-21243
-21243
-30715
-30971
1383
26373
1382
26117
1349
17669
1348
17413
1310
7685
1311
7940
-3324
-3068
-14332
-14332
-23292
-23036
-30460
-30204
1133
27908
1133
27908
1096
18436
1094
17924
1043
4868
1042
4611
-11005
-11005
-25341
-25341
874
27139
875
27395
830
15875
829
15619
784
4099
784
4098
-9214
-8702
-21502
-21246
-30462
-30462
629
29954
629
29954
622
28162
622
28162
609
24834
609
24834
579
17154
579
17154
529
4354
530
4609
-12287
-11775
-27903
-28159
24577
24833
15105
15105
8193
8193
2305
2304
-3840
-4096
-9472
-9472
-14080
-14336
-18432
-18688
-23040
-23296
-30208
-30208
25344
25600
13312
-641
-641
-681
-680
-701
-702
-704
-704
-707
-707
-722
-723
-759
-759
-906
-906
-925
-926
-955
-955
-994
-994
-1167
-1167
-1215
-1215
-1266
-1267
-1416
-1417
-1434
-1434
-1460
-1460
-1495
-1495
-1529
-1528
-1533
-1533
-1512
-1513
-1499
-1499
-1494
-1494
-1490
-1490
-1488
-1488
-1493
-1493
-1505
-1505
-1523
-1523
-1708
-1708
-1762
-1762
-1791
-1791
-1763
-1764
-1744
-1744
-1738
-1737
-1740
-1740
-1742
-1741
-1731
-1730
-1709
-1710
-1687
-1687
-1673
-1674
-1676
-1675
-1682
-1683
-1682
-1682
-1667
-1665
-1524
-1524
-1511
-1512
-1504
-1504
-1482
-1481
-1438
-1438
-1228
-1229
-1165
-1165
-983
-984
-916
-917
-767
-766
-731
-731
-690
-690
-1536
11264
11008
20992
20224
26880
26880
31232
31232
-31488
-31488
-31744
-31744
30976
30976
25088
25088
16640
16896
7936
-5632
5632
5376
18432
18432
-30976
-30976
-12288
-12543
9985
9473
-28415
-28414
520
2050
520
2050
-30718
-30461
779
2819
779
2819
-32253
-32509
-4093
-4348
1105
20740
1105
20740
-22780
-23036
-1276
-1275
1357
19717
1357
19717
-24827
-24571
-2043
-2042
1610
18950
1610
18950
-26106
-26362
-6138
-6137
1842
12807
1842
12807
-31737
-31737
-7673
-7928
2114
16904
2114
16904
-22008
-22007
2314
2569
2314
2569
2399
24329
2399
24329
-20215
-20215
-1015
-1270
2639
20234
2637
19722
-21238
-21237
2831
3851
2830
3595
2928
28683
2928
28683
-14325
-14324
3085
3340
3085
3340
3153
20748
3153
20748
-26868
-26868
-6644
-6643
3394
16909
3395
17165
-25587
-25587
-5875
-5874
3624
10254
3625
10510
3669
21774
3668
21518
3705
30990
3706
31246
-24562
-24306
-15602
-15602
-7922
-7922
-3314
-3314
-4082
-4082
-7410
-7666
-12530
-12274
-17650
-17394
-20978
-21234
-25586
-25330
-31474
-31474
3689
26894
3689
26894
3650
16910
3650
16910
3607
5902
3608
6157
-4339
-4083
-14835
-15091
-24563
-24563
3453
32013
3454
32269
3414
22029
3414
22029
3377
12557
3377
12557
3339
2829
3338
2572
-7156
-6900
-12788
-12788
-15604
-15860
-15348
-15348
-11252
-11252
-6132
-5875
3333
1293
3332
1037
3368
10253
3368
10253
3398
17933
3398
17933
3420
23565
3421
23821
3431
26381
3431
26381
3425
24845
3426
25101
3420
23565
3420
23565
3409
20749
3408
20493
3390
15885
3390
15885
3359
7949
3359
7948
-6132
-5876
-24308
-24564
3160
22540
3162
23052
3089
4364
3089
4363
-12789
-12533
-29429
-29429
2876
15371
2877
15626
-7414
-7414
-31222
-31222
2602
10762
2602
10761
-7415
-7415
-22519
-22263
2419
29449
2420
29705
2370
16905
2370
16905
2311
1801
2312
2056
-15864
-15864
2169
30984
2168
30728
2082
8712
2082
8711
-14073
-14073
1899
27399
1900
27655
1792
1792
-28410
-28154
1568
8198
1567
7941
-22267
-22267
1340
15365
1341
15620
-12284
-12028
1120
24580
1120
24579
-6141
-5885
853
21763
852
21506
-22782
-23039
-5375
-5375
9729
9984
29952
-695
-696
-1018
-1018
-1158
-1158
-1416
-1416
-1697
-1696
-1968
-1966
-2192
-2192
-2296
-2295
-2527
-2527
-2768
-2768
-3021
-3021
-3296
-3296
-3563
-3563
-3794
-3794
-4013
-4014
-4234
-4234
-4334
-4334
-4531
-4531
-4819
-4819
-5012
-5012
-5102
-5101
-5315
-5316
-5560
-5560
-5817
-5817
-5867
-5867
-6043
-6043
-6088
-6089
-6112
-6111
-6102
-6103
-6089
-6088
-6090
-6089
-6109
-6110
-6280
-6280
-6297
-6298
-6322
-6323
-6377
-6376
-6545
-6545
-6545
-6546
-6343
-6343
-6137
-6137
-6061
-6060
-5852
-5852
-5596
-5596
-5327
-5327
-5259
-5259
-5113
-5114
-5036
-5037
-4837
-4837
-4768
-4768
-4539
-4539
-4301
-4300
-4071
-4071
-3826
-3827
-3566
-3566
-3272
-3272
-2977
-2976
-2498
-2497
-1957
-1958
-1789
-1789
-1463
-1463
-963
-964
-644
-645
23296
768
512
-23808
-23807
19201
18945
-6655
-6654
626
29186
626
29187
776
2051
776
2051
-25341
-25340
1085
15620
1084
15364
-4092
-4091
-24827
-24826
1616
20486
1617
20743
1796
1031
1796
1031
-20217
-20216
2161
28936
2161
28937
2363
15113
2362
14858
2568
2058
2569
2314
-7926
-8181
-20981
-20980
3187
29452
3187
29453
3390
15885
3389
15630
3584
3585
-14322
-14065
-27633
-27632
4171
19216
4172
19472
-1520
-1519
-26351
-26350
4639
7954
4639
7954
-24558
-24557
4884
5139
4885
5395
4986
31251
4986
31251
-7661
-7660
5182
15892
5181
15636
-29164
-29164
-8684
-8683
5400
6165
5401
6421
5457
20757
5456
20501
-29163
-29163
-13547
-13546
5662
7702
5662
7702
-31978
-32234
-4586
-4329
5998
28183
5999
28439
-3561
-3560
6259
29464
6258
29208
-1512
-1511
6518
30233
6517
29977
-6631
-6630
6739
21274
6739
21274
-21990
-21990
-1510
-1509
6982
17947
6982
17947
-32229
-31973
-15589
-15588
7169
7168
7223
14108
7223
14108
7287
30492
7288
30748
-20196
-20452
-6628
-6627
7454
7709
7453
7453
7487
16157
7486
15901
7503
20253
7504
20509
7506
21021
7506
21021
7482
14877
7483
15133
7459
8989
7460
9245
7441
4381
7441
4380
-740
-740
-739
7424
7424
7448
6173
7448
6173
7476
13341
7477
13597
7516
23581
7516
23581
-28899
-28643
-18915
-18659
-7907
-7906
7693
3358
7693
3358
7731
13086
7732
13342
7784
26654
7784
26654
-26082
-26338
-18402
-18402
-12514
-12514
-12770
-12770
-16354
-16354
-17122
-16866
-16610
-16610
-12002
-12002
-4322
-4834
-994
-1249
7937
7937
-3042
-3042
-12770
-12770
-23010
-23010
7795
29470
7796
29726
7735
14110
7734
13853
-1507
-1507
-22755
-22755
7498
18973
7497
18716
-6116
-5860
7291
31516
7290
31260
7186
4636
7186
4635
-21477
-21477
6967
14107
6966
13850
-16614
-16870
6716
15386
6716
15385
-20199
-20455
6455
14105
6456
14360
-14056
-14312
6247
26392
6247
26392
6169
6424
6169
6423
-14825
-15081
6004
29719
6003
29463
5929
10519
5930
10774
-10218
-10218
-29674
-29418
5695
16150
5695
16149
-8939
-8939
5489
28949
5488
28692
-4076
-4076
5208
22548
5207
22291
-16877
-16877
4892
7187
4891
6930
4732
31762
4732
31761
-4591
-4591
4447
24337
4446
24080
-12272
-12272
4160
16400
4161
16655
-26609
-26610
-7154
-7154
3614
7694
3616
8205
3387
15117
3387
15116
3150
19980
3150
19979
2891
19211
2891
19210
2612
13322
2612
13321
2334
7689
2334
7688
2048
2048
-5626
-5883
-5371
-5372
-3068
-3068
1044
5124
1044
5123
839
18179
839
18178
635
31490
634
31233
-17151
-17152
-768
-768
11776
-2022
-2022
-2240
-2240
-2457
-2457
-3015
-3014
-3824
-3824
-4047
-4046
-4260
-4260
-4854
-4854
-5038
-5038
-5580
-5580
-5764
-5765
-6124
-6124
-6315
-6316
-6865
-6865
-7310
-7310
-7587
-7586
-7875
-7876
-8183
-8183
-8341
-8342
-8631
-8631
-8905
-8906
-9156
-9157
-9358
-9358
-9449
-9450
-9623
-9623
-9978
-9979
-10148
-10148
-10205
-10205
-10240
-10240
-10222
-10222
-10192
-10192
-10165
-10165
-10162
-10162
-10155
-10155
-10137
-10136
-10115
-10114
-9972
-9971
-9921
-9920
-9877
-9876
-9690
-9691
-9620
-9621
-9453
-9453
-9393
-9392
-9129
-9129
-8915
-8914
-8686
-8686
-8406
-8405
-8119
-8119
-7867
-7867
-7594
-7595
-7067
-7067
-6873
-6873
-6319
-6319
-6128
-6127
-5253
-5252
-5034
-5033
-4826
-4826
-4608
-4607
-3986
-3986
-3793
-3794
-2970
-2970
-2742
-2743
-2521
-2521
-2282
-2282
-2041
-2041
-29696
27392
27393
22017
22274
573
15618
574
15875
792
6147
792
6147
-765
-764
-9212
-9211
-16635
-16890
-18682
-18425
-20217
-20216
-18680
-18423
-13815
-13814
-12790
-12789
-11765
-11508
-12788
-12787
-20467
-19954
-26866
-27121
3955
29455
3954
29200
4162
16912
4162
16913
4375
5905
4375
5905
-10735
-10478
-30958
-30957
4918
13843
4920
14355
-10989
-10988
5241
30996
5240
30741
5415
10005
5415
10005
-13803
-13802
5752
30742
5752
30743
5923
8983
5924
9239
-15337
-15336
6260
29720
6261
29977
6436
9241
6437
9497
-11751
-11750
-30950
-30949
6952
10267
6951
10011
-17893
-18148
7241
18716
7241
18716
-13284
-13283
7517
23837
7517
23838
7680
7680
-24546
-24545
8010
18975
8010
18975
-5089
-5088
8316
31776
8316
31777
8471
5921
8472
6177
-20447
-20446
8777
18722
8778
18978
-5086
-4829
9078
30243
9078
30243
-5341
-5340
9296
20516
9296
20516
-26332
-26332
-7132
-7131
9522
12837
9523
13093
9587
29477
9587
29477
-18395
-18651
-5595
-5594
9737
2342
9737
2342
9774
11814
9773
11558
9802
18982
9801
18726
9833
26918
9833
26918
-27610
-27354
-19674
-19674
-11482
-11738
-3546
-3545
9985
9985
10007
5927
10007
5927
10024
10279
10023
10023
10027
11047
10027
11047
10043
15143
10043
15143
10055
18215
10055
18215
10069
21799
10069
21799
10101
29991
10101
29991
-30425
-30425
-27097
-26841
-24793
-24537
-28377
-28121
-30169
-30169
-30425
-30681
-31449
-31449
-27353
-27353
-24281
-24281
-24281
-24281
-22745
-22745
-24793
-24793
-26585
-26329
-24793
-24793
-26841
-26841
-31193
-31193
10082
25127
10082
25127
10003
4903
10003
4902
-19162
-19162
9802
18982
9802
18981
-10203
-10459
9594
31269
9593
31013
9499
6949
9499
6948
-17884
-18140
9309
23844
9309
23843
-5085
-5085
9085
32035
9084
31779
8990
7715
8989
7458
-16606
-16862
8813
27938
8813
27938
8730
6690
8730
6689
-22239
-22239
8490
10785
8491
11040
-27104
-26849
-3041
-3297
8035
25375
8035
25374
-11234
-10978
7751
18206
7752
18461
-14307
-14307
7480
14365
7480
14364
-22244
-22244
7204
9244
7204
9243
-27365
-27365
6924
3099
6923
2842
6775
30490
6776
30745
-16615
-16616
-2792
-2792
6157
3352
6157
3351
5902
3607
5902
3606
5651
4886
5651
4885
5388
3093
5388
3092
5121
5121
-1518
-1263
-9199
-8944
-17904
-17649
-26865
-26866
3689
26894
3688
26637
3401
18701
3401
18700
3115
11020
3116
11275
2817
2817
-8951
-8952
-20216
-20473
-30969
-30970
-32762
-32507
-30715
-30972
-22012
-21757
-6141
-6141
804
9219
805
9474
629
29954
630
30209
-11007
-11263
11777
12032
-26624
-756
-756
-947
-947
-1164
-1165
-2689
-2690
-2947
-2947
-3228
-3228
-3542
-3542
-4529
-4530
-4827
-4828
-5113
-5113
-5368
-5369
-5601
-5601
-5829
-5827
-6023
-6024
-6371
-6371
-6816
-6816
-7103
-7103
-7385
-7385
-7837
-7837
-8091
-8091
-8192
-8191
-8406
-8406
-8699
-8699
-8845
-8845
-9137
-9137
-9426
-9426
-9916
-9916
-10199
-10199
-10458
-10457
-10730
-10730
-10949
-10949
-11006
-11005
-10942
-10942
-10737
-10737
-10696
-10696
-10634
-10633
-10483
-10484
-10462
-10462
-10450
-10449
-10418
-10417
-10391
-10392
-10372
-10372
-10380
-10379
-10406
-10407
-10423
-10423
-10434
-10434
-10412
-10412
-10372
-10372
-10203
-10202
-10120
-10119
-9859
-9859
-9701
-9701
-9381
-9380
-8898
-8898
-8342
-8342
-8151
-8151
-7553
-7330
-7330
-7096
-7095
-6863
-6862
-6656
-6067
-6067
-5866
-5865
-5316
-5317
-4789
-4790
-4605
-4605
-4031
-4031
-3834
-3835
-2979
-2978
-2766
-2766
-2554
-2554
-1975
-1975
-1456
-1456
-1180
-1179
-904
-904
-748
-748
21248
-13824
-13823
-24575
-24318
-30206
-30205
879
28419
878
28164
1093
17668
1094
17925
1315
8965
1314
8709
-2043
-1786
-12794
-12537
-21241
-21496
2169
30984
2167
30473
2365
15625
2365
15626
2560
2561
-16374
-16629
-27125
-27124
-32756
3198
32269
3433
26893
3434
27150
3669
21774
3669
21775
3878
9743
3878
9743
-11505
-10992
4211
29456
4211
29456
-1776
-1775
4465
28945
4465
28945
-6639
-6894
4672
16402
4672
16402
-26606
-26606
-2798
-2797
4947
21267
4947
21267
-11757
-12012
5222
26132
5221
25876
-22763
-22762
5698
16918
5699
17174
-11754
-11753
5993
26903
5993
26903
-1769
-1768
-27624
-27623
6462
15897
6462
15897
-8167
-8166
-30438
-30437
6966
13851
6966
13851
-7397
-7396
-20708
-20707
-29155
-28898
7796
29726
7797
29983
8030
24095
8031
24352
8226
8736
8226
8736
-16608
-16863
8514
16929
8514
16929
-22495
-22494
8723
4898
8721
4386
-31454
-31710
-5854
-5853
9039
20259
9040
20515
-23773
-23517
-8157
-8156
9250
8740
9250
8740
9299
21284
9300
21540
9338
31268
9338
31268
-24796
-25052
-23516
-23260
-24028
-24284
-24028
-24028
-25308
-25308
-19420
-19676
-8668
-8667
9483
2853
9484
3109
9557
21797
9557
21797
-23259
-23259
9855
32550
9855
32551
9993
2343
9992
2087
-23257
-23000
10326
22056
10326
22056
-2264
-2007
-25303
-25046
10821
17706
10822
17962
-8406
-8405
-30933
-30676
11305
10540
11305
10540
-17876
-18131
11594
18989
11593
18733
-15827
-15826
11821
11566
11821
11566
-25042
-25042
-1746
-2001
12106
18991
12107
19247
-29905
-29649
-25041
-25041
-26321
-26321
12145
28975
12146
29231
12071
10031
12070
9774
-10706
-10962
11886
28206
11886
28205
-1491
-1491
-29395
-29395
11537
4397
11537
4396
-27092
-26836
11301
9516
11300
9259
-23509
-23253
11057
12587
11057
12586
-14038
-13782
10850
25130
10850
25130
10775
5930
10776
6185
-10455
-10455
-27351
-27095
10594
25129
10594
25129
10528
8233
10528
8232
-10968
-11224
-27608
-27608
10313
18728
10312
18472
10246
1576
10247
1831
-11225
-11225
-27609
-27865
10076
23591
10075
23335
10017
8487
10017
8486
-10714
-10970
-28378
-28378
9791
16166
9790
15909
-10203
-10203
9573
25893
9573
25892
-13532
-13276
9236
5156
9236
5155
9045
21795
9046
22050
8831
32546
8831
32545
-20959
-20704
-6880
-7136
8200
2080
8200
2079
7978
10783
7978
10782
7738
14878
7737
14621
7472
12317
7471
12060
7215
12060
7214
11803
6956
11291
6956
11290
6702
11802
6701
11545
6468
17433
6468
17432
6222
19992
6223
20247
5969
20759
5969
20758
5715
21270
5715
21269
5437
15637
5437
15636
5166
11796
5166
11795
4902
9747
4902
9746
4626
4626
4626
4625
4361
2321
4362
2575
-2545
-2290
-12786
-12531
-19955
-19956
-30196
-30197
2913
24843
2911
24330
2631
18186
2632
18441
2331
6921
2332
7175
-5369
-5370
-17658
-17403
1397
29957
1397
29956
1084
15364
1085
15619
786
4611
786
4609
-6911
-6656
-11008
-933
-932
-1253
-1252
-1928
-1928
-2293
-2293
-3053
-3053
-3773
-3773
-4747
-4747
-5057
-5057
-5344
-5345
-7065
-7065
-7389
-7390
-9660
-9660
-10146
-10146
-10488
-10487
-10638
-10637
-10944
-10944
-11260
-11260
-11440
-11441
-12008
-12008
-12201
-12201
-12781
-12780
-12950
-12950
-13199
-13199
-13312
-13312
-13525
-13524
-13765
-13765
-14019
-14020
-14239
-14238
-14324
-14324
-14498
-14497
-14557
-14557
-14592
-14591
-14574
-14574
-14558
-14558
-14511
-14511
-14285
-14286
-14211
-14211
-14058
-14059
-13995
-13995
-13796
-13796
-13469
-13469
-13257
-13257
-13026
-13026
-12775
-12775
-12511
-12511
-12182
-12183
-11978
-11978
-11766
-11767
-10905
-10905
-10708
-10707
-10493
-10494
-9451
-9450
-9136
-9135
-8435
-8436
-8102
-8099
-6883
-6883
-6603
-6603
-6308
-6308
-2491
-2490
-1482
-1483
-1169
-1169
2048
12288
12545
23809
23810
634
31234
634
31235
-20989
-21244
-1788
-1786
1609
18694
1610
18951
-21497
-21495
2304
2304
2615
14090
2615
14091
2926
28171
2925
27916
-28660
-28915
-21235
-21490
-12786
-12529
-13297
-13296
-20720
-20975
4470
30225
4470
30226
4637
7442
4635
6930
-12526
-12013
-27373
-27372
5216
24596
5215
24341
5435
15125
5436
15382
5635
790
5634
534
-21482
-21481
5976
22551
5976
22551
-744
-16104
-16359
-21479
-21734
-25574
-25573
-28133
-28132
7286
30236
7286
30237
7476
13341
7476
13341
-5347
-5602
-26082
-26081
8004
17439
8004
17440
8195
800
8196
1056
-16608
-16863
8568
30753
8568
30754
8768
16418
8768
16419
8965
1315
8965
1315
-11485
-11228
-20700
-20699
9584
28709
9583
28454
9759
7974
9759
7974
-21210
-21465
9999
3879
10000
4135
10098
29223
10098
29223
-11993
-12248
10292
13352
10291
13096
-20440
-20695
10523
6953
10524
7209
10616
30761
10616
30761
-12759
-12502
10761
2346
10761
2346
10828
19498
10828
19498
-25814
-25558
-8150
-8405
11054
11819
11053
11563
11117
27947
11117
27947
-24789
-24789
-3029
-3284
11363
25388
11363
25388
-980
-979
-15571
-15570
-31698
-31953
12090
14895
12091
15151
-8401
-8400
12376
22576
12376
22576
-12752
-12751
12604
15409
12605
15665
-25807
-26062
12808
2098
12808
2098
12906
27186
12907
27442
-15054
-15053
13107
13107
13107
13107
-27341
-27341
-2509
-2508
13399
22324
13399
22324
-28876
-28876
-18636
-18892
-14028
-14028
-15820
-15820
-12492
-12748
-8140
-8140
-3788
-4043
13584
4149
13583
3893
13592
6197
13593
6453
13586
4661
13586
4661
13586
4661
13586
4661
13573
1333
13573
1333
13576
2101
13576
2101
13596
7221
13596
7221
13601
8501
13601
8501
13616
12341
13616
12341
13624
14389
13624
14389
13615
12085
13616
12341
13627
15157
13626
14901
13635
17205
13635
17205
13638
17973
13638
17973
13648
20533
13649
20789
13625
14645
13625
14645
13580
3125
13580
3124
-10188
-10188
-30412
-30668
13374
15924
13375
16179
-2765
-2765
-28877
-28877
13092
9267
13092
9266
-24270
-24270
12804
1074
12804
1073
12655
28465
12654
28208
-13520
-13520
12313
6448
12313
6447
12135
26415
12135
26414
-27602
-27859
-18131
-17876
-4564
-4564
11295
7980
11294
7723
