-512
512
-768
1280
-1536
2048
-2304
3072
-3840
4864
-6144
7424
-9472
12544
-17408
28416
-1211
-1211
-1431
-1431
-1486
-1487
-1436
-1435
-1183
-1183
-1013
-1013
-997
-997
-985
-985
-978
-978
-971
-971
-959
-959
-939
-938
-910
-910
-742
-742
-684
-684
-7168
10752
10752
-30208
-30720
-768
-1023
30465
30465
-6143
-5886
574
15874
574
15874
614
26114
615
26370
607
24322
608
24578
559
12034
558
11777
-8191
-8191
-31487
-31743
11521
11520
-8448
-8192
-22016
-22272
-28928
-28672
-28672
-28672
-22784
-23040
-15360
-15616
-9984
-9984
-8192
-8704
-11520
-11520
-14592
-14848
-14336
-14336
-7424
-7423
8961
8961
-31999
-31999
-2303
-2046
628
29698
628
29698
-8702
-8445
799
7939
799
7939
811
11011
811
11010
-1790
-2046
-23550
-23550
591
20226
591
20226
536
6146
535
5890
547
8962
546
8706
630
30210
630
30211
785
4355
785
4355
-3325
-3579
1282
517
1282
518
1580
11270
1581
11527
1874
20999
1874
21000
2116
17416
2115
17160
-6136
-5879
2353
12553
2353
12553
2343
9993
2343
9992
-3320
-3320
-17912
-17656
-25592
-25592
-18936
-18935
2312
2057
2311
1801
-28919
-28918
2633
18698
2633
18699
2844
7179
2844
7179
-1525
-1524
-13812
-14067
3434
27149
3433
26893
-11251
-11507
-4851
-4851
-18163
-17907
3439
28429
3439
28429
3362
8717
3362
8716
-6388
-6388
-18164
-18164
-25332
-25332
-28916
-29172
-31988
-31988
-31220
-30964
-23796
-23796
-9204
-8947
3397
17677
3398
17933
-9971
-9714
-27890
-27889
3948
27663
3948
27664
4174
19984
4173
19729
4384
8209
4384
8209
-12783
-12270
4669
15634
4669
15634
4708
25618
4708
25618
4688
20498
4689
20754
4626
4626
4626
4625
-12271
-12271
-22767
-22511
-24303
-24559
-16367
-16367
-5103
-5358
4610
530
4609
-5359
-5359
-30447
-30704
-11760
-11505
-10225
-10482
-23794
-23795
3415
22285
3415
22284
3100
7180
3100
7179
2830
3595
2830
3594
2640
20490
2640
20489
-1783
-1526
2562
522
2562
522
2654
24074
2653
23818
-7158
-6901
2908
23563
2908
23563
-23029
-23285
-24053
-24053
2894
19979
2893
19722
-14070
-14326
2591
7946
2591
7945
2409
26889
2409
26888
-17656
-17912
2057
2312
2057
2311
1888
24583
1888
24582
-17402
-17658
1543
1798
1545
2309
1348
17413
1349
17668
1118
24068
1117
23811
835
17155
836
17410
519
1794
519
1792
-19456
-667
-667
-915
-914
-967
-966
-993
-993
-1010
-1010
-1164
-1164
-1197
-1197
-1221
-1221
-1231
-1230
-1221
-1221
-1216
-1216
-1229
-1229
-1280
-2191
-2191
-2549
-2550
-3203
-3203
-3574
-3574
-3558
-3558
-3491
-3491
-3318
-3318
-3253
-3252
-3019
-3019
-2495
-2495
-2509
-2510
-2716
-2715
-2784
-2783
-2954
-2953
-2999
-3000
-3047
-3046
-3072
-2963
-2963
-2796
-2796
-1955
-1955
-1776
-1777
-1749
-1748
-1741
-1741
-1740
-1740
-1736
-1736
-1735
-1735
-1740
-1739
-1753
-1753
-1788
-1788
-1961
-1960
-2028
-2028
-2246
-2245
-2237
-2236
-2008
-2008
-1751
-1750
-1487
-1488
-1421
-1421
-1252
-1252
-1224
-1223
-1218
-1217
-1229
-1229
-1261
-1262
-1491
-1492
-1691
-1691
-1764
-1762
-1788
-1788
-1770
-1771
-1752
-1752
-1723
-1722
-1682
-1682
-1447
-1447
-1224
-1223
-1013
-1012
-1008
-1008
-1172
-1172
-1235
-1235
-1244
-1244
-1196
-1196
-1159
-1160
-992
-993
-741
-742
-32256
9984
9728
-17152
-17151
12033
12289
27393
27393
25857
26113
11265
11776
-6400
-6144
-20480
-20480
-24832
-25088
-19712
-19712
-11008
-11008
-4096
-4096
-3584
-3584
-9984
-9728
-18432
-18432
-26368
-26368
-32000
-31744
30976
30976
28928
28928
29696
29952
-27904
-27904
-9472
-9215
21505
21505
-4863
-5118
-31486
-31485
768
845
19715
844
19459
875
27395
876
27651
875
27395
875
27395
863
24323
862
24067
850
20995
850
20995
848
20483
847
20227
851
21251
852
21507
859
23299
859
23299
869
25859
870
26115
872
26627
873
26883
865
24835
866
25091
843
19203
843
19203
790
5635
790
5634
-13566
-13566
624
28674
625
28930
539
6914
540
7169
-5119
-4863
-4607
-4606
544
8194
545
8450
630
30210
630
30210
-13566
-13821
779
2819
780
3075
820
13315
820
13315
842
18947
842
18947
881
28931
881
28931
-15357
-15356
1101
19716
1101
19717
1306
6661
1306
6662
1564
7174
1565
7431
1865
18695
1865
18696
-27640
-27639
-8695
-8437
2829
3339
2829
3340
3073
3073
-28660
-28660
-20212
-20212
3172
25612
3173
25867
-14581
-14581
2830
3595
2831
3850
2667
27402
2667
27402
2570
2570
2569
2314
2571
2826
2572
3082
2672
28682
2671
28427
2862
11787
2861
11532
3115
11020
3115
11021
3380
13325
3380
13326
3622
9742
3622
9742
-8690
-8689
3906
16911
3906
16911
3933
23823
3932
23567
3899
15119
3898
14862
-3570
-3314
-23538
-23538
3679
24334
3680
24590
3641
14606
3642
14862
3648
16398
3649
16654
3693
27918
3693
27918
-19698
-19441
3842
527
3841
3894
13839
3894
13839
3923
21263
3924
21519
3939
25359
3940
25615
3961
30991
3961
30991
-20465
-20720
4106
2576
4106
2576
4218
31248
4219
31504
-4592
-4079
4428
19473
4428
19473
-32495
-32495
-28143
-27887
4475
31505
4475
31505
4419
17169
4418
16912
-1776
-1776
-23792
-23792
4193
24848
4193
24848
4167
18192
4166
17936
4182
22032
4182
22032
-30192
-30192
-16880
-16880
-15856
-15600
4219
31504
4219
31503
-12273
-12530
-15090
-15091
3454
32269
3454
32268
3101
7436
3101
7434
-12278
-12279
-14327
-14327
2331
6921
2332
7176
-9720
-9976
-760
2398
24073
2397
23817
-9463
-9462
2632
18442
2633
18698
2680
30730
2680
30730
2659
25354
2659
25353
-1015
-1015
2387
21257
2386
21000
-28408
-28665
-13561
-13305
1825
8455
1826
8710
-25338
-25338
1566
7686
1565
7429
-29435
-29180
-13052
-13053
-15357
-15614
-31230
-31487
8193
-765
-766
-1232
-1233
-1243
-1244
-1234
-1234
-1265
-1265
-2514
-2514
-3726
-3726
-3718
-3719
-3529
-3531
-3323
-3323
-3017
-3016
-2515
-2515
-2448
-2448
-2530
-2531
-2699
-2699
-2780
-2780
-3021
-3020
-3203
-3204
-3287
-3287
-3314
-3314
-3212
-3213
-3057
-3057
-1973
-1973
-1717
-1717
-1666
-1666
-1674
-1674
-1683
-1683
-1687
-1687
-1685
-1687
-1693
-1693
-1730
-1730
-2046
-2046
-2191
-2191
-2454
-2455
-2536
-2536
-2559
-2560
-2502
-2502
-2189
-2189
-1952
-1951
-1736
-1737
-1506
-1505
-1481
-1481
-1468
-1470
-1478
-1477
-1517
-1517
-1667
-1667
-1759
-1761
-1936
-1936
-2020
-2020
-2212
-2213
-2233
-2233
-2227
-2228
-2196
-2196
-1990
-1989
-1788
-1790
-1672
-1672
-1413
-1412
-1275
-1276
-962
-962
-919
-919
-900
-900
-898
-898
-903
-903
-906
-907
-914
-914
-926
-926
-937
-935
-948
-947
-951
-951
-947
-947
-942
-942
-932
-931
-917
-918
-709
-709
30976
5632
5376
-24064
-23807
5633
5377
27393
27393
-22015
-22015
-11007
-11007
-4607
-4607
-1791
-1535
-2815
-2559
-4607
-4607
-4351
-4351
-1023
-766
536
6146
535
5890
566
13826
567
14082
587
19202
586
18946
595
21250
596
21506
597
21762
597
21762
607
24322
607
24322
639
32514
-32766
-18174
-18173
775
1795
775
1795
867
25347
866
25091
-16125
-16124
1057
8452
1057
8452
-31228
-31228
-5372
-5371
1357
19717
1357
19717
-23803
-23547
-7419
-7162
1549
3334
1549
3334
1565
7430
1565
7430
1555
4870
1555
4869
-2299
-2299
-15867
-15867
1401
30981
1401
30981
1320
10245
1320
10244
-13052
-13052
1141
29956
1141
29956
1060
9220
1061
9475
-8957
-8957
-21245
-21245
-27901
-27901
-30205
-30205
-28413
-28413
-25085
-24829
-16893
-17148
1034
2564
1034
2564
-26876
-26875
1405
32005
1406
32262
-17402
-17400
2101
13576
2101
13577
-14327
-14581
2888
18443
2889
18700
-27380
-27379
-25843
-26098
3646
15886
3645
15630
3692
27662
3693
27918
3631
12046
3631
12045
-28915
-28916
-14580
-14836
3093
5388
3093
5387
-24821
-24565
-30453
-30453
-15349
-15348
3127
14092
3128
14348
-12276
-12275
3432
26637
3433
26893
-7923
-7922
3619
8974
3618
8718
3597
3342
3597
3341
-20723
-20979
3371
11021
3370
10764
-21748
-21748
3173
25868
3173
25868
3182
28172
3182
28172
-16628
-16883
3405
19725
3405
19725
-755
-754
-21234
-21233
3921
20751
3921
20751
-12529
-12528
4128
8208
4128
8208
4178
21008
4178
21008
4211
29456
4212
29712
-24304
-24304
-4336
-4335
4440
22545
4440
22545
-13807
-13806
4647
10002
4646
9746
4685
19730
4685
19730
4660
13330
4661
13585
-9455
-9455
4421
17681
4421
17680
-28656
-28657
-12785
-12529
3877
9487
3877
9486
-19186
-18930
-29170
-28914
-23282
-23282
-10482
-10482
-5874
-5618
-20210
-20210
3606
5646
3607
5901
3352
6157
3351
5899
-8181
-8182
-23542
-23543
-28919
-29176
-11000
-11000
-32504
-32504
-30456
-30712
-9976
-9719
2371
17161
2372
17417
-26615
-26615
-17655
-17655
2426
31241
2426
31240
-11000
-11001
-10233
-10234
-25594
-25595
1376
24581
1376
24580
1104
20484
1105
20739
-32765
-32766
-1022
-1022
-24830
-25086
569
14594
568
14337
-22783
-22784
-16896
-512
-929
-930
-1976
-1976
-1975
-1976
-1770
-1770
-1770
-1771
-2043
-2044
-1985
-1986
-2045
-2046
-2727
-2727
-4275
-4275
-4230
-4229
-4087
-4088
-3743
-3742
-3574
-3574
-3563
-3562
-3557
-3557
-3509
-3510
-2038
-2038
-2031
-2031
-2211
-2210
-2445
-2445
-2509
-2509
-2522
-2522
-2478
-2478
-2272
-2272
-2265
-2266
-2303
-2303
-929
-929
-910
-911
-934
-933
-925
-926
-992
-993
-1473
-1473
-1681
-1680
-1714
-1715
-1700
-1701
-1457
-1457
-1204
-1204
-969
-969
-759
-760
-703
-703
-701
-701
-756
-756
-996
-996
-1251
-1252
-1417
-1417
-1446
-1445
-1454
-1454
-1429
-1428
-1265
-1266
-1017
-1017
-680
-680
-663
-662
-692
-691
-711
-712
-730
-730
-746
-746
-763
-763
-748
-747
-665
-666
-3584
27904
28160
-10240
-10239
9985
9985
23297
23041
30721
30721
-31743
-31743
-31231
-30975
32001
32001
26369
26625
19457
19201
11009
11009
3841
4097
-1280
-1280
2049
1793
5121
5121
10497
10753
18945
18689
30465
30465
-20735
-20479
-4607
-4350
563
13058
563
13058
636
31746
636
31746
-15614
-15613
769
770
515
812
11267
811
11011
829
15619
829
15619
823
14083
823
14083
804
9219
804
9219
770
515
769
-11518
-11262
-28414
-28670
568
14338
567
14081
-10751
-10495
30977
30977
10753
10496
-6656
-6656
-25088
-24832
18688
-6144
-23040
-22783
-20479
-20221
771
771
771
772
-28156
-28154
1593
14598
1593
14599
-15097
-14839
2318
3593
2318
3593
-4599
-4598
2637
19722
2637
19722
2613
13578
2613
13577
-18935
-18936
-1016
-1016
2120
18440
2122
18951
-12025
-12281
-15609
-15608
2099
13064
2099
13065
2311
1801
2312
2058
2590
7690
2589
7435
2869
13579
2869
13580
3080
2060
3079
1804
3176
26636
3176
26636
3123
13068
3124
13323
2938
31243
2938
31242
2682
31242
2681
30985
2422
30217
2422
30216
-16376
-16376
-30200
-30200
-10744
-10743
-28151
-28406
-29430
-29429
-30453
-30452
3157
21772
3156
21516
-12532
-12276
-5876
-5620
-16372
-16372
3194
31244
3193
30988
3147
19212
3146
18956
3171
25356
3171
25356
-11764
-11507
-30195
-30194
3681
24846
3681
24847
3865
6415
3866
6671
3962
31247
3962
31247
3941
25871
3943
26382
-11506
-11763
-6387
-6388
-8692
-8693
-2549
-2293
2925
27915
2925
27915
2905
22795
2905
22795
-22261
-22516
3116
11276
3117
11532
-26868
-26612
-24820
-24820
3101
7436
3102
7691
2822
1547
2822
1545
-32503
-32761
-9721
-9722
1625
22790
1624
22533
1351
18181
1351
18180
-12284
-12284
-4092
-4347
-28923
-28922
1657
30982
1656
30727
1885
23815
1885
23816
2052
1032
2052
1032
2095
12040
2094
11783
-15353
-15098
-8186
-8187
-21755
-21756
1138
29188
1137
28931
888
30723
888
30722
-10494
-10494
-28158
-28158
-30718
-30974
637
32002
638
32258
591
20226
590
19969
-13823
-14080
-11520
-1411
-1412
-1676
-1677
-1779
-1779
-1719
-1717
-899
-900
-943
-944
-1229
-1229
-1208
-1208
-1019
-1019
-1181
-1182
-1452
-1452
-2238
-2238
-2969
-2969
-3243
-3243
-3047
-3047
-2738
-2739
-2484
-2485
-1721
-1722
-720
-720
-757
-757
-1244
-1245
-1462
-1462
-1484
-1485
-1457
-1457
-1442
-1442
-1409
-1410
-1199
-1199
-957
-957
-716
-715
-740
-740
-957
-958
-1259
-1260
-1273
-1273
-1194
-1194
-913
-913
-661
-661
-685
-685
-1220
-1220
-1269
-1270
-1181
-1181
-973
-972
-707
-707
-1241
-1241
-1966
-1965
-2194
-2194
-2283
-2283
-2241
-2240
-1728
-1729
-1536
-1536
-1734
-1734
-1777
-1777
-1426
-1427
-1177
-1177
-916
-916
-677
-677
-759
-759
-992
-993
-1208
-1208
-1437
-1437
-1441
-1442
-1163
-1163
-919
-920
-673
-673
-7680
-649
-648
-684
-684
-649
-648
-26112
6144
6144
30464
30720
-19968
-19968
-13824
-13568
-9216
-9215
22529
22273
-5887
-5886
-23038
-22781
876
27651
876
27652
1048
6148
1048
6148
-27132
-27132
-7932
-7675
1290
2565
1290
2565
1282
517
1282
516
-15868
-15868
1087
16132
1087
16131
883
29443
883
29442
-28926
-28927
-16127
-16127
12033
11776
-6656
-6912
-14848
-14848
-21248
-21248
-29952
-29696
25344
25344
20736
20992
30208
30464
-9728
-9471
-27903
-27902
-20734
-20732
1083
15108
1083
15110
1623
22278
1622
22024
-760
-1012
3078
1548
3078
1551
3875
8975
3874
8721
-9455
-8941
-18669
-18668
5212
23572
5213
23827
-23789
-23791
-18927
-18930
3083
2828
3083
2825
-31223
-31225
-3577
-3321
-25337
-25080
-26104
-26102
-22518
-22515
3413
21773
3413
21776
4106
2576
4105
2322
4625
4370
4625
4370
-9198
-9198
4628
5138
4628
5135
-14065
-14068
-32500
-32503
2317
3337
2317
3334
1607
18182
1607
18180
-10492
-10235
1290
2565
1290
2566
-20218
-20215
2392
22537
2392
22540
3157
21772
3157
21774
-7154
-7152
4219
31504
4219
31504
-15088
-15345
-15857
-15603
-10227
-10229
-26357
-26615
-24311
-24568
2164
29704
2165
29960
2117
17672
2117
17673
2304
2635
19210
2635
19211
-24309
-24564
-30708
-30708
-23796
-24053
-13813
-13558
2603
11018
2603
11016
2075
6920
2074
6662
1539
774
1539
772
1094
17924
1095
18179
780
3075
779
2818
585
18690
585
18689
-11519
-11519
27393
27648
-4096
-3840
20992
-743
-743
-678
-677
-18688
3328
-733
-732
-926
-926
-2509
-2509
-3071
-3071
-3209
-3209
-3225
-3225
-2542
-2543
-739
-738
-22272
22784
22785
17153
17154
596
21506
595
21251
852
21507
852
21508
1033
2308
1033
2308
1090
16900
1089
16643
-6909
-6910
-2558
-2559
28161
-1427
-1426
-1967
-1967
-2302
-2303
-2203
-2202
-1463
-1463
-683
-683
-6912
4096
4353
-23295
-23037
871
26371
871
26372
-1788
-1787
-3579
-3322
1555
4870
1556
5125
1355
19205
1355
19203
-18429
-18175
-23039
-661
-661
-1265
-1265
-1226
-1226
-1251
-1251
-1473
-1472
-1167
-1167
-995
-994
-1193
-1194
-2231
-2230
-3214
-3214
-3555
-3554
-3558
-3557
-3473
-3473
-2965
-2965
-2750
-2749
-2519
-2518
-2286
-2287
-1709
-1709
-1531
-1531
-936
-938
-739
-739
-751
-751
-918
-919
-1164
-1164
-1413
-1413
-1496
-1496
-1521
-1522
-1497
-1497
-1437
-1437
-1256
-1256
-969
-968
-758
-759
4608
6656
6657
3073
3329
-10751
-10750
623
28418
623
28418
-14590
-14590
-12286
-12286
-31998
-31999
-5887
-5887
7169
7168
18432
-757
-756
-981
-981
-1243
-1242
-1516
-1515
-1765
-1765
-1939
-1939
-1998
-1999
-1692
-1692
-731
-731
-512
-512
-723
-724
-766
-766
-752
-753
-709
-710
-684
-684
-731
-731
-1788
-1788
-1741
-1741
-1531
-1531
-1210
-1209
-14080
-23296
-23294
578
16898
577
16643
881
28931
881
28932
1078
13828
1079
14084
-18684
-18427
1306
6661
1306
6661
1403
31493
1403
31493
-9467
-8954
1563
6918
1564
7174
1591
14086
1591
14086
1595
15110
1594
14854
1580
11270
1580
11270
1584
12294
1584
12294
1578
10758
1579
11013
-2043
-2043
-29179
-29436
-7932
-7932
1064
10244
1064
10243
-25341
-25085
856
22531
856
22531
861
23811
861
23811
-29949
-29949
-13565
-13564
1094
17924
1094
17925
1327
12037
1328
12294
-17658
-17655
2310
1545
2310
1547
-6901
-6897
3868
7183
3869
7442
4721
28946
4721
28949
-22251
-21736
-27112
-27110
-3814
-3812
7260
23580
7261
23836
-31716
-31717
6982
17947
6982
17944
-12776
-12779
-24555
-24558
4709
25874
4708
25615
-17393
-17394
3614
7694
3614
7693
-18419
-18162
3711
32526
-32752
4153
14608
4153
14610
4730
31250
4730
31252
-21996
-22250
5659
6934
5659
6934
5676
11286
5676
11284
-29164
-28911
4458
27153
4459
27405
3425
24845
3424
24585
2397
23817
2398
24070
1604
17414
1604
17412
-27644
-27388
1141
29956
1140
29701
-25339
-25081
1918
32263
1918
32265
-29431
-29173
2858
10763
2858
10763
-16373
-16629
2826
2571
2826
2568
-1272
-1275
-1787
-2046
-13566
-13568
16384
18688
-13568
-13310
1331
13061
1331
13062
-11514
-11513
-30457
-30201
1815
5895
1815
5893
-31227
-31229
798
7683
799
7936
23552
-985
-985
-1189
-1188
-1197
-1196
-1241
-1241
-1498
-1499
-1199
-1199
-714
-714
-28671
-4863
-4861
-7165
-7419
1324
11269
1323
11013
-18939
-18939
-27643
-27900
-7932
-7933
-15613
-15358
604
23554
604
23552
-4352
-1734
-1734
-1732
-1732
-1256
-1257
-768
-768
32514
604
23554
605
23813
1331
13061
1331
13063
-24057
-24055
2399
24329
2399
24330
2649
22794
2649
22794
-20214
-20470
-30454
-30455
-1015
-1271
2315
2825
2315
2823
-21753
-21755
-10747
-10493
-25085
-25087
6913
-2491
-2491
-3018
-3019
-3484
-3485
-3219
-3219
-2976
-2976
-2755
-2755
-2286
-2286
-744
-745
-699
-699
-3053
-3052
-3238
-3239
-2982
-2983
-2690
-2690
-1939
-1939
-1746
-1746
-749
-748
-981
-982
-1234
-1234
-1494
-1496
-1746
-1746
-1977
-1976
-2190
-2191
-2518
-2518
-2498
-2497
-1940
-1940
-1723
-1722
-1528
-1526
-1254
-1255
-1160
-1161
-985
-985
-726
-727
-668
-667
-655
-655
-753
-754
-903
-904
-1234
-1233
-1245
-1245
-1205
-1206
-1158
-1158
-963
-963
-911
-912
-733
-733
-663
-663
-710
-710
-960
-960
-1254
-1254
-1422
-1421
-1744
-1743
-1974
-1974
-2239
-2238
-2522
-2522
-2548
-2548
-2452
-2453
-2259
-2259
-2010
-2010
-1733
-1734
-1435
-1435
-732
-732
-934
-935
-1424
-1424
-1456
-1455
-1180
-1179
-906
-907
27904
27392
27392
-18944
-18943
30977
30978
565
13570
566
13827
839
18179
839
18180
-26108
-26106
1541
1286
1541
1287
1894
26119
1894
26120
-25080
-25335
-31479
-31222
2571
2826
2571
2826
2569
2314
2568
2057
2413
27913
2412
27656
2152
26632
2151
26375
1826
8711
1825
8453
-8187
-8444
-7932
-7932
1066
10756
1066
10755
-15101
-14845
-22525
-22269
-18173
-17917
-4093
-4092
1066
10756
1066
10756
1090
16900
1091
17156
1095
18180
1095
18180
1111
22276
1111
22276
-12540
-12538
1571
8966
1572
9224
-30968
-30709
-3573
-3568
4120
6160
4119
5908
-29676
-29672
-9960
-9956
7293
32028
7294
32286
-13026
-13025
7976
10271
7976
10269
7474
12829
7475
13081
6449
12569
6448
12308
5166
11796
5167
12047
-28145
-28148
-26100
-26101
-6133
-6387
3412
21517
3412
21520
4151
14096
4151
14099
-19181
-19178
-2282
-2279
6457
14617
6458
14873
-17383
-17385
-5609
-5613
-17389
-17395
-5619
-5625
-4601
-4605
-31741
-31487
-9471
-9469
789
5379
790
5638
1643
27398
1643
27402
-27638
-27634
3676
23566
3676
23569
4368
4113
4368
4114
4641
8466
4641
8465
4428
19473
4428
19470
-24818
-24822
-26614
-26362
1626
23046
1625
22787
839
18179
840
18434
606
24066
606
24067
-11005
-11001
1793
1792
-22774
-22515
-17139
-16881
-30705
-30449
-10737
-10226
-15346
-15348
3186
29196
3186
29193
2361
14601
2362
14853
-21755
-21758
-27646
-27648
-18944
-18688
24320
24321
8193
8450
545
8450
544
8194
637
32002
637
32001
-11519
-11520
26880
-714
-714
-976
-977
-736
-736
15106
517
1282
516
1028
-11516
-11258
-8954
-9209
-26105
-26106
-6906
-6907
1313
8453
1313
8450
-7166
-7168
-21504
-682
-683
-948
-947
-1231
-1231
-1927
-1927
-2433
-2980
-2981
-3263
-3264
-1941
-1941
30976
-4608
-4350
-25854
-26109
885
29955
885
29955
-24317
-24317
892
31747
893
32003
876
27651
876
27651
-25597
-25597
-3581
-3580
1047
5892
1048
6147
-22013
-22014
608
24578
607
24320
14336
-660
-659
-1454
-1454
-2221
-2221
-3556
-3556
-3534
-3534
-3300
-3301
-2270
-2270
-2035
-2034
-1999
-1999
-1680
-1681
-26880
12800
12801
11265
11521
17409
17152
24576
-979
-979
-2252
-2252
-2697
-2696
-2991
-2991
-2690
-2690
-2446
-2445
-2197
-2198
-1972
-1972
-1782
-1782
-1495
-1494
-32000
23296
23040
-17664
-17664
-20480
-20736
19456
-697
-697
-1522
-1521
-2205
-2205
-2439
-2438
-2998
-2998
-2984
-2984
-2781
-2781
-2541
-2541
-2278
-2278
-1992
-1993
-1705
-1706
-1457
-1457
-1222
-1223
-1231
-1230
-1257
-1255
-1245
-1245
-1175
-1175
-939
-939
-753
-753
-688
-688
-651
-651
-703
-703
-739
-739
-694
-694
-1280
-768
-767
-17151
-17150
573
15618
574
15874
-29438
-29438
-16126
-16382
-8446
-8446
-8190
-8190
-12030
-12030
-17150
-17150
-22782
-22526
-32766
-32766
532
5122
533
5377
14337
-1240
-1241
-1526
-1527
-1726
-1726
-1963
-1964
-2020
-2021
-2008
-2008
-1761
-1761
-1437
-1437
-1173
-1173
-1203
-1203
-1424
-1424
-1479
-1479
-1530
-1531
-1770
-1770
-1930
-1929
-2034
-2034
-2031
-2031
-1928
-1928
-1760
-1761
-28416
-16896
-17407
-29951
-29950
544
8194
544
8194
-18430
-18429
-31229
-31228
1149
32004
1149
32005
1367
22277
1367
22277
-9467
-9211
-2555
-2299
-15867
-16123
-30459
-30459
1364
21509
1364
21509
1292
3077
1292
3076
-26876
-26877
-9213
-9213
793
6403
793
6402
-21246
-20990
-13822
-13565
874
27139
874
27140
1077
13572
1078
13828
-12796
-12539
1302
5637
1302
5637
1312
8197
1312
8197
1315
8965
1315
8965
1366
22021
1366
22021
-16123
-16378
1651
29446
1651
29447
-23801
-23543
-29175
-29428
3174
26124
3175
26384
4124
7184
4124
7188
5174
13844
5174
13847
-2793
-3046
-28390
-28389
7023
28443
7023
28442
6749
23834
6749
23831
-32233
-32237
4962
25107
4961
24846
-11506
-11510
-13558
-13560
2114
16904
2114
16903
-7673
-7671
-15607
-15347
3408
20493
3408
20497
4468
29713
4469
29972
-1516
-1514
-7146
-7146
-23274
-23276
5162
10772
5161
10511
-8177
-7926
-26102
-25851
1407
32517
1407
32513
-14847
-14848
19456
19457
14849
15108
1040
4100
1040
4103
-20985
-20982
-9462
-9204
-18932
-18676
-17908
-17654
-3062
-3065
-8953
-8956
1066
10756
1066
10752
-13824
24832
8960
8963
880
28675
881
28935
1876
21511
1877
21770
-14582
-14580
-5620
-5875
3440
28685
3440
28684
-31220
-31222
-29174
-28920
2070
5640
2070
5637
-26363
-26109
-30461
-30718
570
14850
569
14593
-14079
-14334
517
1282
518
1538
636
31746
636
31746
-26110
-26110
512
512
-20480
-672
-672
-912
-912
-911
-913
-655
-654
21505
-14847
-15100
1128
26628
1128
26630
-16634
-16376
2132
21512
2131
21256
-9208
-9208
2113
16648
2113
16646
-13818
-13564
-6140
-6141
790
5635
791
5889
-20223
-20224
-11264
-11264
27648
27392
14848
-981
-980
-2810
-2810
-2538
-2538
-1438
-1437
-753
-753
-17662
540
7170
539
6915
-2813
-2811
1336
14341
1335
14085
-5627
-5626
1592
14342
1591
14086
1598
15878
1599
16133
-3579
-3323
1325
11525
1325
11523
-13821
-14079
-13055
-761
-760
-1739
-1739
-2044
-2045
-2234
-2234
-2293
-2293
-2212
-2213
-2293
-2293
-1667
-1665
12032
30720
30978
599
22274
597
21763
-30973
-30973
-9469
-9469
817
12547
817
12545
-25343
-733
-733
-1243
-1242
-1938
-1938
-1974
-1974
-1956
-1956
-1784
-1784
-1686
-1685
-1499
-1499
-916
-918
-743
-744
-716
-716
-934
-934
-1215
-1215
-1520
-1519
-2492
-2493
-3297
-3296
-4010
-4009
-3986
-3986
-3261
-3261
-2464
-2464
-1672
-1673
-1464
-1463
-1189
-1189
-996
-995
-661
-661
-898
-898
-897
-653
-653
13312
11264
11521
4609
4609
-12031
-12030
608
24578
609
24834
-11006
-11005
840
18435
839
18179
-16893
-16892
1072
12292
1072
12292
1132
27652
1131
27396
1090
16900
1090
16899
-25853
-26110
633
30978
634
31233
513
-978
-979
-1715
-1715
-1790
-1791
-2046
-2046
-2246
-2246
-2476
-2476
-2804
-2803
-2799
-2799
-1955
-1954
-1515
-1515
-676
-677
-695
-695
-1681
-1680
-1948
-1948
-2178
-2179
-1978
-1978
-1924
-1923
-1701
-1702
-1458
-1459
-1156
-1157
-1280
19968
19969
-7423
-7677
-27133
-27387
1314
8709
1314
8710
1613
19718
1612
19463
1799
1799
1798
1543
1911
30471
1912
30727
-12281
-12024
2068
5128
2068
5128
2092
11272
2093
11527
-9721
-9722
-11259
-11004
-27132
-26877
-27389
-27390
-1278
-1278
-25086
-24830
616
26626
616
26626
584
18434
584
18434
593
20738
592
20482
-20734
-20477
865
24835
864
24580
1079
14084
1079
14084
-1532
-1531
1406
32261
1406
32261
-8187
-8442
-32250
-32249
-15097
-15351
-6903
-7156
-7412
-7408
-32752
-32748
5222
26132
5222
26136
6205
15640
6205
15643
-26341
-26339
-3555
-3554
-19938
-20451
7523
25373
7523
25370
6680
6170
6680
6165
5489
28949
5489
28944
-27120
-27380
-14580
-14582
-12534
-12278
-9462
-9460
-31732
-31729
3877
9487
3876
9234
4627
4882
4627
4884
-21740
-21738
5687
14102
5687
14102
5637
1302
5637
1299
-21485
-21489
3948
27663
3947
27402
2637
19722
2638
19973
-15099
-15101
792
6147
791
5890
-8958
-9212
-17148
-17401
-16633
-16630
-8438
-8691
3380
13325
3380
13326
3650
16910
3651
17165
-8691
-8437
-2805
-2808
-13048
-13051
1286
1541
1285
1281
-30975
4096
-23552
-23805
873
26883
873
26886
1633
24838
1633
24840
-17912
-18422
2567
1802
2567
1802
2597
9482
2597
9481
2366
15881
2366
15879
-28921
-29179
1391
28421
1391
28419
862
24067
861
23809
-9471
-9471
14849
14593
28417
28674
533
5378
533
5378
-28158
-28158
638
32258
638
32257
-18687
-18432
32512
-27648
9984
10242
605
23810
605
23812
-19452
-19450
-29946
-29945
1871
20231
1872
20486
-11258
-11515
1377
24837
1377
24835
886
30211
886
30209
-26111
-26368
6400
-1168
-1168
-2475
-2476
-2528
-2528
-2268
-2269
-1444
-1444
-947
-947
-6911
2305
2305
-28671
-28415
-26367
-26111
22785
22528
-2816
-2560
26112
-1763
-1763
-3261
-3263
-2798
-2798
-2474
-2474
-2182
-2182
-2005
-2005
-1963
-1963
-1998
-1999
-2002
-2002
-1254
-1253
8960
6144
5888
-20480
-20480
-20736
-932
-931
-1423
-1424
-2033
-2033
-2034
-2035
-1240
-1240
-1168
-1168
-1153
-1153
-979
-980
-933
-934
-970
-968
-1209
-1208
-1414
-1413
-1495
-1495
-1768
-1769
-1960
-1960
-3775
-3775
-3743
-3743
-3058
-3060
-2714
-2713
-1960
-1959
-1205
-1205
-983
-983
-711
-712
-30208
10496
10496
-7936
-8191
-20991
-20734
-28158
-28157
892
31747
892
31748
1108
21508
1108
21509
1293
3333
1294
3589
-24315
-24570
1545
2310
1544
2054
1594
14854
1593
14598
1558
5638
1558
5637
1404
31749
1404
31748
1115
23300
1114
23042
-14078
-14336
-1280
-923
-923
-1176
-1176
-1495
-1496
-1697
-1699
-944
-945
-15104
-30976
-30976
-2048
-2048
-5888
-5888
16896
-659
-660
-643
-644
-687
-686
-987
-986
-758
-757
-677
-676
-23295
-17151
-16893
-1021
-1019
-16635
-16890
-19706
-19705
1814
5639
1814
5639
1890
25095
1891
25351
-9977
-10232
2121
18696
2121
18696
2102
13832
2103
14087
1859
17159
1860
17413
-17403
-17148
1076
13316
1077
13571
827
15107
826
14850
-1534
-1534
-1022
-766
-14078
-13822
575
16130
575
16129
-24831
-25087
25857
25857
-18175
-18430
591
20226
590
19970
-21246
-21246
-31998
-32254
518
1538
518
1537
-4863
-4862
-9982
-10235
1293
3333
1293
3336
2139
23304
2140
23564
3155
21260
3155
21264
-25840
-25579
5392
4117
5393
4377
6519
30489
6519
30493
7478
13853
7477
13599
8025
22815
8026
23070
-4834
-4837
-21989
-21994
5690
14870
5690
14864
4122
6672
4122
6666
-758
-760
2050
520
2050
519
1915
31495
1914
31241
2304
2304
-6901
-6897
3955
29455
3955
29458
-3054
-2795
-31211
-31210
5675
11030
5675
11028
5166
11796
5165
11535
-24561
-24823
-25591
-25853
-10237
-5376
32000
32003
-17149
-17145
-28409
-28150
-4598
-4595
3352
6157
3353
6413
-20979
-21236
3165
23820
3165
23817
2377
18697
2378
18949
1313
8453
1314
8704
-2048
-712
-711
29441
5633
5380
1052
7172
1053
7430
-20474
-20472
2148
25608
2148
25609
2304
2304
-31480
-31225
1800
2055
1801
2308
-12540
-12542
619
27394
619
27392
-29184
-8448
-27904
-28159
4609
4608
-10752
-965
-966
-11005
774
1539
773
1285
-18171
-18169
1842
12807
1842
12807
1824
8199
1824
8197
-17659
-17661
-28413
-28671
18177
-708
-707
-749
-750
-678
-679
-941
-941
-1448
-1448
-2019
-2019
-2496
-2496
-2761
-2761
-2776
-2776
-2204
-2205
-1744
-1745
-1230
-1230
-701
-701
17409
513
605
23810
605
23811
855
22275
855
22275
-3581
-3836
1082
14852
1081
14596
1059
8964
1059
8963
-31229
-31486
557
11522
557
11520
-729
-729
-1522
-1522
-2227
-2227
-2708
-2709
-2032
-2032
-1766
-1766
-2009
-2009
-2007
-2007
-1749
-1749
-1249
-1249
-23808
11264
11266
599
22274
599
22275
-5117
-5116
-13308
-13564
-9724
-9725
-2557
-2558
537
6402
538
-768
-1459
-1458
-953
-953
-1008
-1009
-1166
-1166
-1417
-1416
-1756
-1755
-1973
-1973
-2177
-2177
-2521
-2521
-2752
-2752
-3067
-3067
-3739
-3738
-3015
-3017
-1701
-1700
-972
-972
-937
-937
-925
-925
-753
-753
-16384
-21760
-22015
28929
28674
514
514
514
514
587
19202
586
18946
590
19970
590
19970
534
5634
535
5889
-14847
-14847
-31231
-30975
26625
26881
32001
31489
-18943
-18686
513
513
593
20738
593
20738
-26622
-26878
-10494
-10493
790
5635
789
5379
852
21507
853
21763
-24573
-24829
-5117
-5372
1065
10500
1065
10500
1093
17668
1092
17412
1050
6660
1049
6403
-30973
-30974
630
30210
631
30464
-6656
-1250
-1249
-1973
-1972
-1994
-1994
-1970
-1969
-1941
-1941
-1958
-1958
-2255
-2255
-2509
-2509
-2751
-2751
-1496
-1495
-1154
-1155
-910
-910
-900
-901
-1450
-1450
-1487
-1486
-1421
-1422
-1211
-1211
-987
-987
-700
-700
-1279
-9215
-8701
-13053
-13051
-29691
-29690
-5370
-5369
-8953
-8696
2157
27912
2156
27656
-24824
-24568
-30456
-30200
2104
14344
2104
14343
-19705
-19961
1826
8711
1825
8454
-29434
-29435
-4091
-4091
1362
20997
1361
20740
-29436
-29181
-22781
-22782
-15358
-15358
526
3586
526
3585
-16639
-16639
-5887
-5886
620
27650
620
27651
791
5891
791
5891
-23805
-23549
-6397
-6397
-1021
-1020
1057
8452
1056
8196
-17148
-16890
1597
15622
1597
15624
-14072
-13812
3146
18956
3146
18960
4212
29712
4212
29716
-9452
-9448
-2024
-1764
7217
12572
7218
12829
-13027
-13027
7470
11805
7471
12058
6699
11034
6699
11029
5456
20501
5456
20495
-8689
-8437
2894
19979
2893
19720
-18168
-18168
-31992
-31990
2638
19978
2637
19725
3404
19469
3405
19728
-26352
-26349
4959
24339
4960
24596
-6124
-6124
-26348
-26350
4643
8978
4642
8717
-14835
-14840
2154
27144
2155
27395
882
29187
881
28928
15360
32001
2561
2820
1034
2564
1034
2567
1887
24327
1887
24330
2584
6154
2584
6155
-16373
-16372
3073
3073
-14070
-13816
2133
21768
2133
21765
1328
12293
1327
12034
591
20226
590
19968
-22272
-22272
-18176
-18430
599
22274
600
22532
-14076
-14073
1838
11783
1838
11784
-4088
-4343
-15863
-15863
-20727
-20984
-11768
-12025
1860
17415
1860
17413
1353
18693
1353
18691
841
18691
841
18689
-12799
-12543
15617
15361
-28927
-28926
587
19202
586
18946
-14078
-14078
-29694
-29439
-28927
-28928
15872
15360
-18944
-18686
-7678
-7419
1396
29701
1396
29703
-5625
-5623
-25335
-25334
2563
778
2563
777
2304
2304
-9978
-9724
1057
8452
1057
8449
29697
-1226
-1224
-1441
-1440
-1785
-1784
-2202
-2201
-2759
-2758
-2471
-2471
-1208
-1207
-16640
17920
18176
-25600
-25344
-20992
-20992
22016
-1774
-1773
-2481
-2481
-3728
-3729
-3324
-3324
-2806
-2805
-2260
-2260
-1782
-1782
-1429
-1429
-1213
-1213
-1020
-1021
-913
-913
-737
-737
17408
-32768
-32767
-22271
-22526
-27646
-27901
781
3331
782
3586
-7422
-7679
-5119
-5376
14080
-1469
-1468
-1755
-1754
-1668
-1668
-1422
-1422
-679
-678
-760
-760
-976
-975
-1224
-1224
-1474
-1473
-1719
-1720
-1971
-1970
-2224
-2224
-2459
-2459
-2747
-2748
-2796
-2797
-2951
-2950
-3522
-3522
-2811
-2811
-1931
-1931
-1516
-1516
-1203
-1203
-993
-994
-945
-945
-512
-24832
-25087
3841
3841
19201
19457
25089
25089
29697
29697
-27647
-27647
-11263
-11006
564
13314
563
13058
-26622
-26622
-5118
-5117
783
3843
783
3842
-2046
-2046
-18686
-18686
617
26882
618
27138
567
14082
566
13826
557
11522
557
11522
577
16642
577
16642
599
22274
599
22274
583
18178
583
18177
-1535
-1535
26369
26368
-29184
-1710
-1710
-1996
-1996
-1967
-1966
-1766
-1766
-1669
-1669
-1225
-1225
-917
-917
-690
-689
-642
-641
-670
-670
-723
-723
-975
-975
-1261
-1261
-727
-728
-11520
-30720
-30718
543
7938
544
8195
-32253
-32252
-24060
-24059
1396
29701
1395
29445
-5115
-5370
1561
6406
1561
6406
1578
10758
1578
10758
1585
12550
1587
13062
1602
16902
1601
16646
1623
22278
1623
22278
1624
22534
1625
22790
1643
27398
1642
27142
-26618
-26618
-16122
-16122
-18682
-18938
1578
10758
1578
10757
1295
3845
1295
3843
-21245
-21246
617
26882
617
26881
-26879
-26879
14337
14592
-2048
-1792
-20480
-20480
-29952
-29951
6145
6147
778
2563
778
2566
-28410
-28149
2862
11787
2862
11792
4096
4096
5196
19476
5196
19479
-8937
-8934
-10726
-10979
7452
7197
7452
7198
7686
1566
7685
1308
-20452
-20456
-13800
-13805
4920
14355
4920
14349
-14579
-14838
2624
16394
2623
16137
2429
32009
2430
32267
2847
7947
2846
7694
3588
1038
3589
1297
4382
7697
4382
7699
-11245
-11499
-10475
-10474
-17386
-17387
-13803
-13806
4731
31506
4730
31245
3329
3330
518
-22522
-22527
25089
7169
-25599
-25852
-8700
-8441
-14329
-14071
-2295
-2293
2885
17675
2885
17675
2911
24331
2911
24329
-4599
-4602
-8186
-8190
-32766
583
18178
584
18437
-30971
-30968
2120
18440
2120
18442
2597
9482
2598
9739
2877
15627
2876
15371
-14069
-14325
-21493
-21238
-18422
-18680
-1016
-1273
1798
1543
1797
1285
-21499
-21499
1391
28421
1391
28422
1548
3078
1548
3078
-24826
-24826
1601
16646
1601
16644
-21756
-21758
620
27650
620
27648
22016
-31231
14337
14595
-8701
-8697
1826
8711
1825
8458
2623
16138
2622
15884
3125
13580
3126
13836
3188
29708
3188
29707
2825
2315
2824
2056
-28408
-28411
-6139
-6141
-26109
-26111
-10239
-10240
-26368
-757
-757
-2007
-2006
-2970
-2971
-2988
-2988
-2238
-2238
-1749
-1749
-938
-939
-683
-682
-16128
29440
29440
-23040
-23296
5888
-1420
-1420
-2039
-2039
-3528
-3528
-3522
-3522
-1696
-1695
-984
-983
-911
-910
-759
-760
-32255
11777
11778
-13822
-13564
1037
3332
1036
3076
-20732
-20732
1150
32260
1150
32259
876
27651
876
27649
-24319
-739
-739
-1250
-1250
-2043
-2042
-1929
-1928
-1786
-1786
-1456
-1456
-1218
-1219
-1191
-1191
-1261
-1260
-1431
-1432
-1683
-1683
-1955
-1954
-2201
-2201
-2796
-2798
-2975
-2974
-3202
-3202
-3262
-3263
-3468
-3469
-4261
-4261
-4280
-4280
-1729
-1729
-1427
-1427
-1262
-1263
-1214
-1214
-1220
-1221
-1227
-1228
-1202
-1202
-1018
-1017
-740
-739
-6144
3840
3840
16384
16640
28672
28928
-27648
-27648
-26880
-26624
30464
29952
19200
19200
15104
15104
26624
26880
-8192
-8191
32001
32258
535
5890
535
5890
634
31234
633
30978
-31742
-31742
557
11522
557
11521
28417
28160
18432
-2438
-2439
-1476
-1476
-512
-933
-933
-1170
-1170
-1156
-1156
-1002
-1002
-662
-662
26625
-24831
-24829
-31485
-31740
-12540
-12283
-29691
-29690
1540
1030
1540
1030
-32250
-31993
1798
1543
1799
1799
1886
24071
1887
24327
1896
26631
1896
26631
1825
8455
1825
8454
-10490
-10490
-6138
-6137
1876
21511
1876
21511
-5625
-5624
2115
17160
2114
16904
2058
2568
2058
2567
1876
21511
1877
21766
1631
24326
1631
24325
1385
26885
1385
26884
-29948
-30205
-24317
-24574
-24062
-24063
-13311
-13311
31233
31234
545
8450
545
8451
-2813
-2810
-12282
-12278
2666
27146
2666
27150
3688
26638
3689
26898
4727
30482
4727
30486
5705
18710
5705
18713
-30695
-30949
-13541
-13540
-19684
-19428
7173
1308
7173
1305
-12007
-11754
-30186
-30190
-9454
-9201
-25841
-25843
3454
32269
3455
32524
-6900
-6899
-12019
-12017
-8689
-8686
4705
24850
4705
24852
-26348
-26091
-11499
-11499
-26091
-26349
-13293
-13296
-26096
-26100
-27892
-27896
2169
30984
2169
30981
1305
6405
1305
6403
797
7427
797
7426
-11006
-11260
1029
1284
1030
1542
1568
8198
1569
8456
2154
27144
2153
26890
2593
8458
2594
8714
-5110
-5110
-21238
-21239
-32503
-32505
-13049
-13050
1543
1798
1544
2052
-23036
-23292
1041
4356
1041
4356
1127
26372
1128
26629
-30971
-30713
1821
7431
1820
7176
-19704
-19958
2566
1546
2565
1290
-3830
-4085
2924
27659
2925
27915
-28917
-28917
2898
21003
2897
20746
-18678
-18679
-13559
-13816
-21240
-21241
-30201
-30202
1655
30470
1655
30469
1379
25349
1379
25348
1069
11524
1068
11266
-15870
-16127
14081
18688
17920
17921
-1535
-1532
1054
7684
1054
7686
1652
29702
1652
29704
-20984
-20982
2678
30218
2678
30219
-32757
-32757
-31477
-31478
-31222
-31224
-15608
-15610
-22778
-23036
-21244
-20989
800
8195
800
8194
518
1538
517
1281
15873
15872
-29952
-996
-996
-1428
-1427
-2278
-2278
-2692
-2692
-2469
-2469
-2183
-2183
-1475
-1474
-3072
5376
-646
-646
-3031
-3031
-3313
-3313
-3292
-3292
-3006
-3006
-2190
-2189
-1770
-1770
-717
-718
-643
-643
4096
9216
9473
15105
15362
521
2306
521
2306
590
19970
590
19969
-4607
-4352
-9984
-1453
-1454
-2553
-2553
-3058
-3059
-3027
-3026
-1971
-1970
-1774
-1773
-1750
-1751
-1742
-1742
-1753
-1753
-2221
-2221
-2786
-2787
-3028
-3028
-3282
-3283
-3517
-3518
-3811
-3811
-4019
-4019
-4050
-4049
-4012
-4012
-2485
-2486
-2002
-2002
-1521
-1521
-746
-746
-21504
4096
4096
27392
27392
-17152
-17151
1537
1537
17665
17665
24833
24577
21505
21249
9985
10240
-1280
-1536
-3072
-3071
9729
9729
-31487
-31231
-4863
-4862
547
8962
546
8706
514
514
513
32001
31744
-27136
-933
-934
-1783
-1782
-2542
-2541
-2449
-2449
-2257
-2257
-1972
-1972
-1765
-1764
-1536
-1164
-1165
-934
-935
-730
-729
-13568
-13824
-14334
578
16898
579
17155
-2045
-2043
-29947
-30202
-22778
-22777
1845
13575
1845
13575
1890
25095
1891
25351
1903
28423
1904
28679
1900
27655
1900
27655
1875
21255
1876
21511
1800
2055
1800
2054
-29946
-30202
1581
11526
1581
11526
1572
9222
1573
9478
1653
29958
1653
29958
-8954
-8954
-10234
-9722
1575
9990
1576
10244
-7676
-7677
871
26371
871
26370
552
10242
552
10241
19457
19456
-22016
-22016
9984
-11264
9472
9729
-20991
-20988
-22268
-22264
-13304
-13299
3431
26381
3431
26385
-17903
-17899
5451
19221
5449
18711
-1769
-1767
-18407
-18406
6747
23322
6747
23321
-26087
-26089
5975
22295
5975
22291
-1005
-1008
4207
28432
4208
28685
-16115
-16116
-21236
-21491
3382
13837
3382
13838
-14834
-14832
-28144
-28143
-14830
-14830
-15342
-14831
-13807
-14065
-26353
-26100
3124
13324
3124
13320
2081
8456
2082
8708
1124
25604
1124
25601
-1279
-1535
24321
24322
610
25090
610
25092
1097
18692
1096
18438
1616
20486
1615
20232
2061
3336
2061
3337
2367
16137
2367
16137
-16887
-16887
2414
28169
2413
27912
2092
11272
2092
11270
1599
16134
1598
15876
1093
17668
1092
17410
-2046
-2046
-7166
-6908
1025
1026
517
-14075
-14073
-27385
-27640
-6904
-6903
-21751
-21494
2570
2570
2570
2570
2569
2314
2570
2569
-24311
-24312
-18680
-18425
1906
29191
1906
29190
1592
14342
1591
14085
1391
28421
1390
28165
1329
12549
1328
12293
1328
12293
1328
12292
-4604
-4860
1045
5380
1045
5378
-15870
-15615
23809
24064
25856
25856
10752
10496
-22016
-22015
-14335
-14589
875
27395
876
27653
1399
30469
1399
30471
-13049
-13046
2586
6666
2586
6667
-11509
-11252
-31220
-31221
-4341
-4342
2617
14602
2618
14855
-7417
-7163
1384
26629
1384
26627
803
8963
803
8961
13825
-641
-641
-926
-925
-1992
-1992
-2302
-2302
-2500
-2501
-2513
-2513
-1770
-1770
-1414
-1414
-702
-702
-696
-697
-1220
-1221
-1457
-1457
-1753
-1754
-3023
-3023
-3071
-3071
-3013
-3012
-2498
-2498
-1163
-1164
-8448
28416
28160
-6912
-7167
19969
19713
-16639
-16638
580
17410
581
17666
-16382
-16126
-5118
-5118
638
32258
637
32001
23809
-2003
-2002
-2449
-2449
-2210
-2210
-1970
-1970
-1767
-1768
-1499
-1500
-1505
-1505
-1731
-1731
-1929
-1929
-2210
-2209
-2794
-2794
-2959
-2958
-3268
-3268
-3528
-3528
-3538
-3538
-3264
-3264
-3011
-3011
-2207
-2206
-1708
-1708
-1213
-1214
-3840
13056
13312
6400
-18176
12288
12288
-22016
-22271
9729
9473
-18943
-18942
588
19458
589
19714
-11774
-11517
812
11267
813
11523
845
19715
846
19971
844
19459
844
19459
837
17667
837
17667
844
19459
844
19459
862
24067
862
24067
852
21507
852
21507
777
2307
778
2562
616
26626
617
26881
28161
28416
10240
-1251
-1251
-1702
-1702
-2462
-2462
-2468
-2467
-2265
-2265
-1937
-1937
-1769
-1770
-1502
-1504
-1272
-1273
-941
-941
-765
-765
-665
-666
-963
-963
-992
-992
-992
-993
-958
-958
-696
-695
-16895
18945
19202
-13054
-13308
1042
4612
1041
4357
1285
1285
1285
1285
-22523
-22522
1541
1286
1540
1030
1574
9734
1573
9478
1573
9478
1574
9734
1556
5126
1556
5126
1558
5638
1558
5638
1612
19462
1611
19206
-26106
-25850
-4602
-4601
1803
2823
1803
2822
-16378
-16378
1561
6406
1562
6661
1325
11525
1325
11524
1046
5636
1045
5378
-4094
-4095
-17663
-17664
-28928
-25855
1793
1539
848
20483
848
20486
-31994
-31734
2687
32522
-32754
-2290
-2541
4976
28691
4975
28439
5980
23575
5980
23578
6717
15642
6717
15643
-19685
-19685
-30949
-30695
-16103
-16362
-25066
-25070
-17390
-17394
-1522
-1524
3137
16652
3136
16395
2873
14603
2874
14860
3073
3073
3598
3598
3597
3344
4214
30224
4214
30226
4685
19730
4685
19730
-1774
-2030
4668
15378
4669
15632
4127
7952
4127
7948
-10228
-10488
-14328
-14332
-25852
-25855
15617
-8703
-4863
-5116
-7420
-7673
-18425
-18423
-17655
-17398
-27382
-27382
2606
11786
2608
12296
-17144
-17146
-31738
-31741
-2813
-2815
-17919
-17920
26368
26368
23296
23553
-30975
-30973
873
26883
873
26885
1381
25861
1381
25862
-4346
-4601
-13561
-13560
2061
3336
2061
3335
-11001
-11001
1865
18695
1864
18438
-31738
-31739
-20987
-20987
1280
1280
-23292
-22780
-26620
-26620
-28924
-28924
1072
12292
1071
12035
826
14851
827
15105
-11519
-11520
24832
-3327
-31487
-31229
-19453
-19706
1585
12550
1584
12296
-23800
-24054
-24822
-24821
-21237
-21493
-32757
-32758
2580
5130
2580
5127
-17913
-18171
1291
2821
1292
3074
-26878
-27136
-20992
-757
-757
-937
-937
-1188
-1188
-1517
-1518
-2220
-2220
-2461
-2462
-2555
-2555
-2494
-2493
-2032
-2032
-1727
-1727
-1428
-1429
-1166
-1167
-971
-971
-766
-767
-732
-732
-729
-730
-933
-933
-1199
-1198
-1936
-1936
-2294
-2294
-2808
-2808
-2293
-2293
-959
-959
-727
-728
20480
16128
16129
-29951
-29949
800
8195
799
7940
-17148
-17147
-1019
-1274
1655
30470
1656
30726
1540
1030
1540
1028
-18684
-18430
-11006
-11008
-19712
-904
-905
-1722
-1722
-1953
-1953
-2180
-2181
-2246
-2246
-2285
-2284
-2197
-2198
-1981
-1980
-1773
-1773
-1692
-1692
-1700
-1699
-1991
-1991
-2177
-2469
-2469
-2699
-2701
-3006
-3006
-3469
-3470
-3551
-3551
-3553
-3553
-3206
-3205
-15872
14592
14592
30208
30464
-27904
-27904
-24064
-23808
-22528
-22784
-24320
-24320
31744
31744
11264
-5632
-28416
-28415
12545
12545
-19455
-19454
535
5890
535
5890
617
26882
617
26882
-20734
-20734
-4350
-4605
800
8195
799
7939
814
11779
813
11523
775
1795
775
1794
-25086
-24831
-6143
-6144
-8960
-2481
-2480
-2740
-2741
-2701
-2700
-2544
-2544
-2208
-2207
-2029
-2029
-1413
-1414
-1210
-1209
-1016
-1016
-652
-652
-659
-659
-762
-761
-940
-940
-994
-993
-1022
-1023
-946
-946
-24063
769
770
-27646
-27644
1063
9988
1063
9989
1405
32005
1404
31750
1639
26374
1639
26374
-5882
-5881
1826
8711
1826
8711
1827
8967
1829
9478
-3066
-3066
1657
30982
1657
30981
-22779
-22780
-17148
-17149
-7165
-7165
835
17155
836
17410
-11006
-11006
592
20482
593
20737
-27391
-27392
-21248
-31487
-7423
-7163
-29179
-29174
2573
3338
2573
3342
-15858
-15597
4913
12563
4913
12567
5902
3607
5902
3610
6668
3098
6668
3099
-19173
-19173
-32485
-32231
6449
12569
6449
12565
5418
10773
5418
10768
4210
29200
4209
28940
3156
21516
3156
21513
-10487
-10231
2384
20489
2383
20234
2653
23818
2653
23820
3139
17164
3138
16910
3652
17422
3652
17423
-10481
-10736
-29424
-29424
4108
3088
4108
3086
3598
3598
3598
3594
-25078
-24826
1624
22534
1624
22530
586
18946
585
-1278
-31998
-31995
-31227
-31224
2123
19208
2123
19210
2612
13322
2612
13322
-7414
-7414
2617
14602
2617
14600
2122
18952
2121
18693
-26363
-26110
-4350
-4351
3073
3072
27392
27136
592
20482
591
20227
-13565
-13564
-2556
-2811
-21755
-21755
-4859
-4603
-16379
-16379
1327
12037
1327
12036
1107
21252
1107
21251
889
30979
888
30723
772
1027
772
1027
831
16131
831
16132
1045
5380
1044
5125
1298
4613
1298
4613
-22779
-22779
1399
30469
1399
30468
-28156
-27901
852
21507
851
21250
568
14338
569
14593
-23295
-23039
-14079
-14078
-21502
-21500
1101
19716
1101
19718
-31482
-31479
2322
4617
2322
4619
-32245
-32243
3390
15885
3390
15885
-11251
-11507
3338
2573
3337
2315
2831
3851
2831
3848
2144
24584
2144
24581
-30203
-30205
778
2563
778
2561
9985
-750
-750
-1414
-1414
-1692
-1692
-1762
-1762
-1522
-1523
-1215
-1215
-749
-749
-1216
-1216
-1473
-1473
-2492
-2492
-2753
-2753
-2810
-2810
-2519
-2520
-1426
-1426
-728
-729
-18943
-18431
-18686
-2046
-2045
-28413
-28413
-14333
-14333
-6653
-6652
1049
6404
1048
6148
1122
25092
1122
25092
-19452
-19195
1290
2565
1290
2565
1381
25861
1381
25861
-17659
-17659
-4859
-4859
-18427
-18428
-5372
-5373
-31997
-32255
-21503
-512
-512
-1165
-1166
-1700
-1699
-1731
-1732
-1763
-1764
-1755
-1755
-1666
-1666
-1678
-1679
-1921
-2026
-2027
-2235
-2234
-2492
-2492
-2691
-2690
-2792
-2793
-2955
-2955
-3253
-3253
-3274
-3274
-2947
-2946
-2237
-2238
-1785
-1785
-24064
768
512
-4864
-5119
25601
25601
-29439
-29439
-31487
-31487
25345
25345
13825
13824
-3840
-3840
-29952
-29952
1024
30464
4352
4608
-24832
-24831
7169
6913
-31743
-31743
-11007
-11006
547
8962
547
8962
628
29698
629
29954
-12286
-12029
818
12803
819
13059
885
29955
886
30211
877
27907
878
28162
-4862
-4863
-10751
-11008
11520
-1674
-1673
-2203
-2203
-2950
-2950
-3034
-3033
-2801
-2800
-2708
-2708
-2465
-2465
-2258
-2258
-1979
-1979
-935
-935
-649
-649
-923
-923
-1021
-1022
-1190
-1191
-1246
-1246
-1245
-1244
-1171
-1172
-3584
-31744
-31230
619
27394
620
27652
1149
32004
1149
32006
1648
28678
1648
28679
-2297
-2296
-5624
-5879
2387
21257
2387
21257
2378
18953
2378
18952
-4856
-4856
2121
18696
2121
18695
1869
19719
1869
19718
1555
4870
1555
4868
-18684
-18685
851
21251
851
21250
525
3330
525
3328
-7680
-697
-698
-1164
-1164
-759
-759
-11773
-759
2312
2057
2312
2062
3635
13070
3635
13074
-9454
-9194
-29162
-28903
6412
3097
6413
3354
6671
3866
6671
3865
6457
14617
6458
14870
5745
28950
5745
28946
4648
10258
4649
10509
-29683
-29686
2562
522
2562
520
2174
32264
2173
32009
2311
1801
2311
1802
-9974
-9972
-6644
-6642
3683
25358
3684
25614
-5362
-5362
3674
23054
3674
23052
-30452
-30455
2400
24585
2400
24581
1314
8709
1313
8448
-28928
-1275
-1275
4865
29697
29700
-21244
-21242
-1786
-1784
2091
11016
2092
11272
2112
16392
2111
16135
1844
13319
1844
13317
1338
14853
1338
14850
-15358
-15360
-24064
-20992
16128
16129
-1791
-1788
1038
3588
1039
3845
-17403
-17146
-16890
-17145
1822
7687
1823
7943
1803
2823
1804
3078
-30202
-30203
-31739
-31484
1059
8964
1059
8962
-12798
-13054
531
4866
530
4610
577
16642
577
16643
798
7683
797
7428
1025
1025
1086
15876
1086
15875
-28157
-27902
577
16642
578
16896
-1792
-1792
18432
18176
24064
24065
12801
12802
-22782
-22780
-17404
-17401
1913
30983
1913
30986
-26870
-27123
3439
28429
3438
28175
3898
14863
3898
14863
3947
27407
3946
27150
3591
1806
3591
1803
-27893
-27384
-15608
-15866
1566
7686
1566
7683
-8445
-8446
514
514
514
512
32000
-1483
-1483
-2240
-2240
-2264
-2263
-2005
-2005
-1684
-1684
-961
-961
-647
-648
-1219
-1219
-2540
-2539
-3213
-3213
-3315
-3314
-3003
-3002
-2506
-2506
-1231
-1231
-31231
4865
4866
586
18946
586
18947
848
20483
847
20228
1082
14852
1082
14853
1293
3333
1293
3333
-12027
-11770
-30714
-30457
1840
12295
1840
12295
-18169
-18168
2048
2048
-11513
-11769
1801
2311
1801
2309
-26363
-26365
-24317
-24063
28673
-653
-653
-1731
-1730
-1764
-1764
-1515
-1515
-1532
-1532
-1717
-1717
-1964
-1964
-2251
-2249
-2512
-2512
-2765
-2766
-3005
-3006
-3204
-3204
-3212
-3212
-2957
-2957
-2281
-2281
-1248
-1247
-700
-700
12032
-15360
-15103
-7166
-6909
-31229
-31229
-7933
-7932
1025
1025
-2045
-2301
-13565
-13565
-31229
-31229
799
7939
799
7938
-30462
-30463
-12287
-12287
1537
1792
22016
-17664
1280
1536
30208
29696
-2560
-2303
27649
27649
-14335
-14078
512
513
544
8194
544
8194
584
18434
585
18690
-28158
-28157
779
2819
779
2819
-25085
-25084
1050
6660
1049
6404
1105
20740
1104
20484
1051
6916
1051
6915
876
27651
876
27650
582
17922
582
17920
-21504
-1439
-1439
-2220
-2221
-2466
-2466
-2470
-2470
-2446
-2445
-2216
-2217
-1957
-1955
-995
-995
-7680
19456
19456
22272
22272
11008
-657
-657
-700
-700
-747
-747
-724
-725
-1279
25601
25859
772
1027
772
1028
-12540
-12538
-26362
-26104
2084
9224
2085
9481
2357
13577
2357
13577
-20727
-20727
-15863
-16119
-24567
-24823
2399
24329
2399
24328
-1528
-1784
2092
11272
2092
11270
-10234
-10235
1314
8709
1314
8707
844
19459
844
19457
-22527
-22528
19968
27139
807
9987
806
9735
-28409
-28404
3121
12556
3120
12304
-23280
-23276
-20972
-20969
-3305
-3302
6665
2330
6663
1818
6776
30746
6776
30745
6420
5145
6419
4886
5681
12566
5681
12562
-23534
-23537
3965
32015
3965
32013
-30707
-30708
-1524
-1523
3449
30989
3448
30734
3680
24590
3680
24591
3870
7695
3870
7695
3919
20239
3919
20238
-21234
-21235
3335
1805
3335
1802
2612
13322
2612
13318
1622
22022
1623
22273
-1198
-1198
-1421
-1421
-1178
-1178
-23552
-32256
-32253
850
20995
850
20997
-29947
-29946
-6906
-7161
1819
6919
1818
6662
1579
11014
1579
11012
1135
28420
1135
28418
-31742
-31999
11265
11264
-4608
-4607
-15359
-15101
843
19203
844
19460
-3836
-3834
1625
22790
1625
22791
1891
25351
1892
25607
-3065
-2809
-3577
-3577
1837
11527
1837
11525
-22011
-22269
-15869
-15870
514
514
516
1024
-5376
-5632
-29696
-29696
-26112
-26112
-27648
-27648
11776
-22527
3585
3586
-5374
-5115
1353
18693
1353
18696
2067
4872
2067
4874
-9462
-9459
3336
2061
3336
2062
3588
1038
3588
1037
-29427
-29429
-8437
-8439
2420
29705
2421
29958
-12282
-12284
1092
17412
1092
17409
-5631
-924
-924
-1235
-1235
-1500
-1499
-1787
-1786
-2528
-2528
-3305
-3306
-3214
-3214
-2945
-2550
-2549
-677
-676
-1232
-1232
-3062
-3061
-3504
-3504
-2746
-2745
-2046
-2045
-743
-744
-1280
23040
23041
16129
16129
-11007
-10750
589
19714
588
19458
-9214
-9213
-20989
-20988
-15356
-15611
-2299
-2297
1795
775
1795
775
-27385
-27641
1891
25351
1891
25350
1625
22790
1625
22788
1148
31748
1149
32001
-1279
-940
-940
-2458
-2458
-2266
-2266
-1981
-1981
-1936
-1937
-1967
-1967
-1982
-1982
-1970
-1969
-1926
-1925
-1743
-1742
-1710
-1710
-1715
-1714
-1770
-1770
-2298
-2297
-3572
-3572
-3722
-3722
-3808
-3808
-3782
-3783
-3253
-3253
-2733
-2732
-1417
-1417
-745
-744
-31999
-23295
-23293
874
27139
874
27140
-19708
-19707
1395
29445
1396
29701
-20987
-21243
1403
31493
1403
31493
1300
5125
1300
5124
-24060
-24316
1076
13316
1076
13315
-14077
-13821
836
17411
835
17154
-26110
-26111
-9727
-9727
3841
3584
22016
-11520
-18432
-18687
-20991
-20990
-26366
-26621
889
30979
889
30980
1103
20228
1103
20229
1302
5637
1302
5637
-16891
-16890
1565
7430
1565
7430
1561
6406
1560
6149
-25339
-25340
-23804
-24061
819
13059
819
13057
23809
-2288
-2288
-2744
-2744
-2774
-2774
-2433
-2433
-2271
-2271
-1502
-1502
25600
18944
18944
-2816
-2815
24321
24577
-27391
-27391
-21759
-21503
-22527
-22527
-25087
-25087
-29439
-29439
25857
25857
10241
10240
-14336
-14080
21248
-9216
-21760
-21758
518
1538
517
1283
-10749
-11003
-4859
-5112
2053
1288
2053
1289
-13559
-13813
2817
2818
523
-22517
-22517
-13045
-13301
-26613
-26613
2872
14347
2871
14090
-20982
-20726
2566
1546
2566
1545
2378
18953
2377
18696
2170
31240
2171
31495
-21753
-22010
-11770
-11771
-10747
-10748
-25084
-25341
785
4355
785
4353
17409
-28158
599
22274
598
22022
1601
16646
1601
16650
-12534
-12273
3952
28687
3953
28947
-28397
-28650
-18154
-18408
6252
27672
6252
27672
6236
23576
6236
23574
-31466
-31213
4950
22035
4950
22031
-18673
-18932
-18676
-18933
2852
9227
2851
8971
2885
17675
2886
17932
-19444
-19442
-26354
-26608
4115
4880
4114
4624
4218
31248
4217
30991
-31985
-31731
3369
10509
3369
10505
-27127
-26875
1325
11525
1324
11264
-30464
-1489
-1490
-1157
-1158
24577
-29183
-29180
1070
11780
1070
11781
-13563
-13562
1583
12038
1583
12037
1402
31237
1402
31235
-1021
-766
545
8450
545
8448
-31488
-18432
20737
20739
825
14595
824
14341
1315
8965
1316
9222
-23802
-23801
1914
31239
1914
31239
-18681
-18681
1901
27911
1901
27910
-19962
-20219
-24315
-24316
1132
27652
1131
27395
870
26115
871
26370
-11006
-10750
-15870
-15870
-6910
-6910
-12286
-12542
567
14082
566
13825
12289
12288
8704
-30208
22784
22785
-15615
-15613
-22525
-22523
-3835
-4088
2155
27400
2155
27402
-14838
-15092
-31476
-31475
3377
12557
3377
12556
-23796
-23797
2823
1803
2823
1800
-9208
-9210
-22778
-22524
-18428
-18429
800
8195
801
8449
-13823
-13824
-25856
-672
-672
-1012
-1012
-1417
-1418
-2226
-2226
-2477
-2476
-2558
-2558
-2470
-2470
-2249
-2250
-1933
-1932
-1181
-1180
-1260
-1260
-1733
-1733
-2224
-2224
-3027
-3027
-3256
-3256
-3288
-3289
-2742
-2742
-1525
-1524
-1234
-1234
-1015
-1014
-666
-666
5376
17408
17409
-16127
-16125
877
27907
877
27909
1293
3333
1294
3590
1622
22022
1622
22022
-4346
-4346
-21242
-20987
-27131
-27133
-11517
-11519
-21247
-675
-675
-1457
-1456
-1680
-1680
-1972
-1972
-2202
-2201
-2450
-2450
-2523
-2523
-2557
-2557
-2549
-2550
-2507
-2507
-2440
-2440
-2278
-2277
-2227
-2226
-2223
-2222
-2281
-2281
-2548
-2549
-2724
-2725
-4313
-4312
-4311
-4311
-3521
-3521
-3031
-3031
-2469
-2469
21248
15616
15872
-4864
-4863
26881
27137
-14335
-14334
532
5122
532
5122
601
22786
600
22530
-27902
-27902
-25086
-25086
619
27394
619
27393
-3839
-3839
16641
16640
-29696
-12544
25088
25345
7425
7681
-11519
-11518
610
25090
609
24834
-18174
-18174
-6142
-6141
778
2563
778
2563
802
8707
802
8707
798
7683
798
7682
-10238
-10494
560
12290
560
12289
9729
-1277
-1277
-1683
-1683
-2047
-2047
-2524
-2525
-2501
-2500
-2298
-2297
-2212
-2212
-2036
-2036
-1710
-1710
-1452
-1452
-1024
-32768
-32768
-23296
-23296
27392
-9984
19968
19968
-6144
-6143
-19967
-19966
-24830
-24829
-27133
-26876
-30716
-30715
-31739
-31994
-21498
-21496
2050
520
2050
521
2396
23561
2396
23562
2681
30986
2681
30987
2831
3851
2831
3851
2850
8715
2850
8714
-2806
-2550
-17654
-17654
-27126
-27382
2662
26122
2663
26377
-4087
-4087
2341
9481
2340
9224
2077
7432
2077
7431
1799
1799
1798
1541
1536
-8444
-8445
890
31235
889
30977
-8447
-8192
29184
-4352
-1280
-1277
-15869
-15609
-7929
-7924
-25332
-25583
4414
15889
4413
15637
5440
16405
5441
16664
6227
21272
6227
21274
6669
3354
6668
3098
6658
538
6658
536
6145
6145
5216
24596
5216
24592
4128
8208
4128
8204
-31220
-31222
-29174
-29174
-31478
-31477
-2037
-2034
3589
1294
3589
1295
-9713
-9712
-7920
-7920
-15600
-15601
3901
15631
3902
15884
3118
11788
3118
11783
-15865
-15614
-23038
-512
-512
-1491
-1490
-1169
-1170
-2304
-13056
-13053
843
19203
844
19461
1311
7941
1311
7941
-14587
-14588
1133
27908
1133
27906
576
16386
577
16640
3328
-11008
23552
23298
-21758
-21499
1285
1285
1285
1286
-8698
-8696
2055
1800
2054
1544
-24824
-24568
-20472
-20472
2095
12040
2095
12039
1813
5383
1812
5125
-27643
-27644
1070
11780
1071
12035
860
23555
861
23811
839
18179
839
18179
-28669
-28413
-25853
-25854
-2302
-2303
-21247
-21248
13824
1536
8704
8706
512
512
-25084
-25337
-14841
-14837
2821
1291
2821
1293
-22771
-22769
3854
3599
3854
3598
-1266
-1267
-27123
-26869
2923
27403
2923
27401
2305
2304
-20474
-20732
-25084
-25086
-11774
-11263
21505
21504
10240
-2777
-2777
-2709
-2709
-2482
-2482
-1682
-1683
-1196
-1196
-720
-720
-15616
16640
16640
18688
18688
512
-708
-708
-1166
-1166
-1706
-1706
-2278
-2279
-3310
-3309
-3573
-3572
-3064
-3064
-1731
-1731
-512
-512
-7167
26881
27138
-30206
-30205
836
17411
836
17411
-18173
-18428
1065
10500
1066
10756
-11772
-12027
-12539
-12282
-2042
-1785
-4345
-4344
2138
23048
2139
23304
2054
1544
2053
1286
-4346
-4091
1348
17413
1348
17411
813
11523
813
11520
-14848
-1947
-1948
-2259
-2258
-2271
-2271
-2243
-2244
-2183
-2183
-2046
-2046
-2000
-2000
-1997
-1998
-2026
-2025
-2007
-2007
-1995
-1995
-2240
-2239
-2494
-2494
-2799
-2799
-3759
-3760
-4034
-4035
-4234
-4235
-4058
-4057
-3209
-3209
-1491
-1491
-938
-938
-1535
13569
13313
-1279
-1278
615
26370
614
26114
-26366
-26366
-19454
-19198
-16126
-15870
-21502
-21502
614
26114
614
26113
-5631
-5631
17409
17664
-26880
-645
-646
-693
-693
-703
-702
-681
-682
-30976
32512
32513
26881
26882
530
4610
530
4610
582
17922
582
17921
-4095
-4095
2049
-1684
-1684
-2207
-2208
-3042
-3042
-3051
-3051
-2986
-2987
-2771
-2772
-2553
-2553
-2219
-2218
-1781
-1781
-5120
9728
9728
10752
26624
4096
4096
-2304
-2047
-4351
-4350
-9726
-9725
-15101
-15100
-13308
-13306
1540
1030
1539
775
1885
23815
1885
23816
-25336
-25079
-21239
-21238
-29430
-29429
2880
16395
2881
16651
-12789
-12788
3073
3074
523
-28405
-28406
2662
26122
2662
26120
-27384
-27642
1645
27910
1645
27908
1093
17668
1093
17666
556
11266
556
11264
4096
-984
-984
3842
-17662
-17658
-18938
-18934
-13046
-13042
-2546
-2542
-5614
-5610
5653
5398
5652
5143
-15337
-15337
-26345
-26603
-8427
-8429
4966
26131
4965
25873
4384
8209
4384
8207
-20977
-20977
3876
9231
3876
9231
3904
16399
3903
16143
-23025
-23280
4118
5648
4118
5648
4189
23824
4189
23824
4133
9488
4132
9230
-28148
-28408
-6136
-6140
-22268
-22016
-17408
-4608
512
514
-23294
-23291
1371
23301
1371
23303
-26361
-26360
-12536
-12536
-14840
-14585
-10233
-9978
-24570
-24571
-17915
-17915
1404
31749
1404
31749
-13051
-12538
1656
30726
1656
30727
1867
19207
1867
19208
2098
12808
2098
12809
2346
10761
2347
11017
-2295
-2294
2620
15370
2620
15369
-21239
-21240
2124
19464
2124
19462
-29178
-29180
-764
-2557
-2557
871
26371
871
26370
-3070
-3070
602
23042
602
23041
-27135
-27136
-7680
-7936
29440
29440
25600
25600
-24576
-24575
7937
8194
530
4610
529
4355
-22013
-22011
-1019
-1272
-10744
-10485
-20725
-20723
-4339
-4337
3882
10767
3882
10767
3905
16655
3905
16654
3687
26382
3688
26636
-8436
-8438
-7926
-7672
-24312
-24570
1606
17926
1605
17668
1040
4100
1041
4354
564
13314
564
13312
-17152
-1193
-1193
-1964
-1964
-2234
-2234
-2249
-2248
-1941
-1942
-1497
-1497
-964
-964
22016
14848
14849
-19967
-19966
-24062
-24061
786
4611
787
4866
-1534
-1534
603
23298
602
23041
13313
-1670
-1670
-3039
-3039
-2808
-2808
-2487
-2488
-1782
-1782
-1441
-1441
-726
-726
-15616
-32768
-32766
581
17666
580
17411
-4093
-4091
1384
26629
1384
26630
-29178
-29177
1858
16903
1858
16903
1907
29447
1907
29447
1806
3591
1805
3334
1559
5894
1559
5892
-20476
-20221
768
768
10241
-655
-655
-1505
-1504
-2253
-2252
-2454
-2454
-2509
-2508
-2521
-2521
-2477
-2477
-2276
-2276
-2035
-2035
-1719
-1719
-1721
-1721
-1990
-1990
-2188
-2189
-2433
-2717
-2717
-3019
-3019
-3321
-3320
-3811
-3811
-3980
-3981
-3294
-3294
-1951
-1952
-1490
-1489
1792
11264
11265
3585
3329
-18175
-18174
580
17410
580
17410
-21758
-21502
-10238
-10238
-17918
-17918
586
18946
587
19201
-23807
-23808
-3328
-3328
21760
-4608
11264
11264
27904
27904
-14592
-14591
13825
13569
-23807
-23807
-6399
-6655
-9727
-9727
28673
28672
-23552
-925
-925
-2195
-2194
-2480
-2480
-2762
-2762
-2802
-2802
-2808
-2808
-2798
-2799
-2789
-2789
-2789
-2790
-2798
-2800
-2790
-2790
-2723
-2723
-2557
-2557
-2290
-2290
-1955
-1955
-1275
-1274
-987
-986
-748
-748
-19968
18944
18944
-7168
-7167
-29439
-29694
612
25602
612
25603
879
28419
879
28420
-25596
-25595
-20987
-20986
1644
27654
1644
27654
-6650
-6393
1873
20743
1873
20743
-11001
-10744
-32248
-31991
2325
5385
2324
5129
2365
15625
2364
15368
-9208
-9209
-1017
-762
-10234
-9979
-27131
-27132
1056
8196
1057
8450
619
27394
618
27136
-32000
27904
27904
27907
-25853
-26105
1891
25351
1890
25099
2876
15371
2876
15374
-12018
-11759
-4847
-4588
5178
14868
5178
14869
5464
22549
5464
22548
-748
-749
4941
19731
4940
19472
-5616
-5874
-19442
-19443
3432
26637
3432
26637
3407
20237
3407
20238
3623
9998
3623
9999
3947
27407
3946
27152
-28656
-28655
4397
11537
4397
11536
-1264
-1521
-18929
-18931
3386
14861
3386
14857
-26871
-26875
1351
18181
1350
17921
7169
-981
-981
-29951
4097
4610
568
14338
568
14338
-15870
-15614
-31486
-31231
-21503
-21504
-17152
-17152
16128
16128
-29184
-29183
-23295
-23293
810
10755
809
10500
-16124
-16122
1578
10758
1579
11015
1874
20999
1874
21000
2106
14856
2107
15112
-15864
-15608
-14328
-14328
2097
12552
2097
12551
1823
7943
1822
7685
-5627
-5628
-7676
-7676
1064
10244
1064
10243
-29181
-28670
-13310
-13055
-16895
-17152
-31488
25344
31232
31234
536
6146
537
6404
1078
13828
1077
13574
-19706
-19959
2377
18697
2376
18443
-31989
-31988
3328
-30451
-30707
3369
10509
3368
10252
3109
9484
3108
9226
-16118
-16119
2358
13833
2358
13831
-24569
-24826
1544
2054
1544
2052
-32764
-32765
781
3331
781
3329
-23807
-23552
11520
-2197
-2197
-2450
-2451
-2548
-2550
-2489
-2489
-2272
-2271
-1928
-1928
-1485
-1486
-988
-988
-11775
14337
14082
547
8962
547
8962
-30974
-31230
592
20482
592
20481
-32511
-32512
6912
-1005
-1005
-3033
-3033
-3008
-3007
-2556
-2557
-2227
-2227
-1513
-1513
-1160
-1162
19200
-18688
-18430
623
28418
623
28420
1134
28164
1133
27910
-31482
-31480
2164
29704
2163
29449
-5623
-5622
-17398
-17398
-9206
-9206
2635
19210
2634
18953
2324
5129
2324
5127
1875
21255
1875
21253
1321
10501
1321
10498
-13566
-13312
-32512
-1751
-1751
-1935
-1936
-1987
-1986
-2018
-2019
-2030
-2030
-2008
-2008
-1927
-1928
-1517
-1516
-1424
-1423
-1447
-1446
-2042
-2041
-2297
-2297
-3464
-3464
-3284
-3284
-2991
-2991
-1681
-1681
-1216
-1216
-21760
-23552
-23807
26625
26882
528
4098
528
4098
-23550
-23549
809
10499
810
10755
-29437
-29181
-17149
-16893
-18941
-19197
881
28931
882
29186
-766
611
25346
612
25601
-22527
-22784
-8960
-8704
5888
-27392
8448
8448
-16896
-16895
20737
20993
-12287
-12030
542
7682
542
7682
550
9730
550
9729
-9215
-8959
11521
11776
6656
-1232
-1233
-1686
-1686
-2945
-2989
-2989
-3005
-3005
-3009
-3008
-3004
-3005
-2992
-2991
-2956
-2956
-2764
-2764
-1999
-1999
-680
-680
-13568
-26112
-26111
26113
26114
570
14850
571
15107
835
17155
834
16900
-29948
-29947
-5115
-5113
1842
12807
1842
12808
2075
6920
2074
6664
-26104
-26104
-7416
-7671
2314
2569
2313
2313
2312
2057
2313
2312
-20984
-20985
-16377
-16378
1614
19974
1613
19716
-28668
-28414
-16382
-16384
-512
-913
-913
-963
-962
-653
-654
29184
5376
4867
-17917
-18169
-16377
-16373
-26357
-26610
-4850
-5103
4474
31249
4475
31507
4876
3091
4875
2835
4955
23315
4957
23826
4687
20242
4686
19984
4142
11792
4143
12045
-20723
-20725
-17397
-17398
-1014
-1013
2934
30219
2934
30220
-20724
-20723
-4851
-4850
-24050
-24050
-30194
-30195
-32243
-32245
2925
27915
2925
27912
2098
12808
2097
12548
1030
1540
1030
-1723
-1723
-1671
-1672
-1209
-1209
-662
-662
25088
-7936
-8191
-14591
-14591
-1535
-1535
-29439
-29184
-12032
-12032
15104
15616
21248
21249
22017
22019
801
8451
801
8453
1355
19205
1356
19463
1877
21767
1877
21768
-3832
-3574
2567
1802
2567
1802
-31478
-31734
2658
25098
2659
25353
-29175
-29176
2079
7944
2079
7942
1636
25606
1636
25604
-16124
-16381
-29693
-29950
-13310
-13566
590
19970
590
19969
-10495
-10495
17665
17664
-19456
-19456
23808
23808
30464
30465
4609
4610
544
8194
544
8195
-25597
-25339
1402
31237
1403
31495
-19449
-19446
2595
8970
2595
8972
3177
26892
3177
26894
3615
7950
3614
7694
-4082
-4082
-13810
-13555
-7923
-7924
3190
30220
3191
30474
-13558
-13559
2306
521
2306
519
1836
11271
1835
11013
1373
23813
1373
23811
-23549
-23295
-767
-768
21760
-1454
-1454
-2002
-2002
-2464
-2465
-2763
-2764
-2753
-2752
-2448
-2449
-1999
-1999
-1447
-1447
-9984
-16384
-16382
555
11010
554
10755
782
3587
782
3587
876
27651
876
27651
838
17923
838
17922
-23038
-23295
-28415
-28672
8448
-1731
-1731
-2439
-2439
-2233
-2233
-1978
-1978
-1671
-1671
-718
-719
-25343
2817
3074
-13054
-13052
-7420
-7161
1840
12295
1839
12041
2424
30729
2424
30731
2922
27147
2923
27404
-15604
-15859
3406
19981
3406
19980
-3828
-4085
-20213
-20215
-19191
-18937
1851
15111
1851
15108
-29692
-29695
-1023
-1528
-1527
-1714
-1714
-2246
-2247
-1945
-1944
-1704
-1703
-1480
-1481
-1190
-1190
-1170
-1170
-1234
-1234
-1781
-1782
-2013
-2013
-2254
-2254
-2503
-2503
-2748
-2748
-2983
-2983
-3286
-3288
-3044
-3044
-2699
-2699
-2296
-2296
-1467
-1466
-745
-745
25344
18944
18945
2561
2817
-20991
-20990
577
16642
578
16898
-17150
-17405
780
3075
779
2819
788
5123
788
5122
-18430
-18174
514
514
514
513
3585
3840
1024
-642
-643
-668
-668
-755
-755
-1495
-1495
-2185
-2185
-2690
-2690
-2699
-2699
-2720
-2720
-2763
-2764
-2810
-2809
-2753
-2754
-2026
-2026
-1686
-1686
-12544
31488
31489
25345
25346
638
32258
638
32259
-18941
-18684
1280
1607
18182
1608
18439
1892
25607
1892
25608
2091
11016
2092
11272
-31480
-31480
2144
24584
2144
24583
-9209
-8953
1822
7687
1821
7430
1584
12294
1584
12293
1307
6917
1308
7171
-13565
-13566
569
14594
569
14592
-29184
-749
-749
12544
4608
4866
-22014
-22011
-15867
-15607
2313
2313
2313
2316
3097
6412
3097
6414
-24562
-24560
4186
23056
4187
23313
4391
10001
4392
10257
4369
4369
4369
4368
4164
17424
4163
17167
3863
5903
3863
5901
-3571
-3571
3368
10253
3367
9996
-6644
-6643
3361
8461
3361
8461
-25075
-25074
3589
1294
3588
1037
-1011
-1011
3399
18189
3398
17931
-17141
-17143
2412
27657
2412
27654
-30970
-31229
867
25347
868
25600
-32768
-748
-747
-653
-654
-19200
-13568
-13823
-29183
-29439
-3071
-2814
532
5122
532
5122
531
4866
531
4866
570
14850
570
14850
-16638
-16637
-18685
-18683
1304
6149
1304
6150
-21242
-21240
2107
15112
2107
15113
-29175
-29174
2672
28682
2673
28938
-12790
-12790
-26358
-26359
-7927
-7928
-13048
-13049
-31481
-31226
1597
15622
1598
15877
1290
2565
1290
2563
-3325
-3326
-2558
-2558
523
2818
522
2561
12801
12800
30976
-7424
-32768
32513
-26879
-26621
815
12035
815
12037
1323
11013
1324
11271
1871
20231
1871
20233
2397
23817
2397
23819
2831
3851
2831
3852
3125
13580
3125
13580
-15860
-15860
-21748
-21748
3073
3074
522
-10486
-10487
2366
15881
2367
16135
1888
24583
1886
24069
1370
23045
1370
23043
847
20227
847
20225
20481
-681
-680
-1194
-1194
-1691
-1691
-2456
-2456
-1976
-1976
5120
17664
17409
5633
5633
-32255
-32255
-28927
-28927
15361
15360
-28928
-1195
-1195
-1961
-1960
-2247
-2247
-2279
-2279
-2037
-2035
-1735
-1735
-686
-686
-17920
2560
2561
16641
16386
620
27650
621
27907
-19197
-18939
1337
14597
1338
14854
-7930
-7928
2171
31496
2171
31497
-17911
-17654
2653
23818
2653
23818
2632
18442
2634
18953
-32503
-32760
2072
6152
2071
5894
1586
12806
1587
13060
1026
516
1027
769
-17663
-930
-930
-1208
-1208
-1433
-1433
-2026
-2025
-2214
-2213
-2538
-2537
-2523
-2524
-2022
-2022
-1718
-1717
-1453
-1453
-1259
-1259
-1156
-1156
-1280
-1468
-1468
-1697
-1696
-1942
-1941
-2180
-2179
-2999
-3000
-2966
-2966
-2725
-2724
-2012
-2013
-1175
-1175
-18944
-8448
-8447
-7423
-7678
-16638
-16637
874
27139
873
26883
-9469
-9468
1037
3332
1038
3587
-2813
-2813
-29693
-29694
-12798
-12799
-17663
-17664
29184
-757
-757
-915
-915
-670
-670
-717
-718
-1720
-1721
-1982
-1983
-2285
-2285
-2252
-2251
-1204
-1204
-5120
-9216
-8959
21505
21505
24833
24833
8449
8192
-14336
-14592
30208
29952
16896
17152
15360
15616
21504
21760
30976
30976
-28160
-27904
-31744
-31744
20736
-22784
9216
8960
553
10498
553
10499
-29949
-30203
1285
1285
1285
1286
1636
25606
1636
25607
1914
31239
1915
31496
2089
10504
2089
10504
2134
22024
2133
21768
2074
6664
2075
6919
-25849
-25850
-4346
-4602
1578
10758
1579
11013
1346
16901
1346
16900
1062
9732
1062
9730
-10494
-10495
23041
-1249
-1248
-1196
-1196
3842
624
28674
625
28934
1609
18694
1609
18698
2580
5130
2580
5133
3425
24845
3425
24847
-5361
-5615
-30447
-30446
4637
7442
4638
7697
-21487
-21488
4197
25872
4197
25870
-16370
-16371
3417
22797
3417
22796
-20724
-20468
-6388
-6387
-16371
-16370
-17906
-17905
3927
22287
3927
22287
3900
15375
3901
15630
3656
18446
3656
18444
3189
29964
3189
29961
-11511
-11770
-25850
-25853
814
11779
815
12032
6400
-755
-754
-677
-677
-12287
513
-7679
-7678
619
27394
619
27394
-26110
-26110
-31742
-31998
585
18690
585
18690
559
12034
559
12034
-28670
-28413
-28669
-28411
1298
4613
1298
4614
-18426
-18424
2066
4616
2066
4616
-6648
-6903
2338
8713
2337
8456
-8696
-8952
2107
15112
2107
15111
1859
17159
1859
17158
1555
4870
1554
4612
-13308
-13565
-21757
-21758
-7166
-7166
632
30722
633
30978
574
15874
574
15873
-4607
-4607
24833
24832
-22016
-22016
4352
-7680
14336
14081
4097
4098
600
22530
598
22019
-1533
-1531
2115
17160
2114
16906
-32502
-32244
3164
23564
3165
23821
3446
30221
3445
29965
-20979
-21235
3356
7181
3356
7179
-3317
-3318
2674
29194
2674
29192
-19704
-19706
-16378
-16380
-24316
-24318
615
26370
615
26368
11264
-2038
-2038
-2454
-2455
-2750
-2749
-1994
-1993
-1205
-1205
-1272
-1272
-1697
-1696
-2448
-2448
-2757
-2756
-2689
-2689
-2481
-2482
-1779
-1779
-944
-944
9984
26368
26369
-19199
-19197
812
11267
812
11268
-9468
-9210
-24058
-24056
2110
15880
2111
16137
2424
30729
2424
30730
2588
7178
2588
7178
2581
5386
2580
5129
2401
24841
2401
24840
2052
1032
2053
1286
1556
5126
1556
5123
-14077
-14079
27905
-985
-985
-2230
-2230
-2520
-2520
-2776
-2776
-2979
-2979
-3036
-3036
-2802
-2803
-2468
-2467
-1767
-1767
-1510
-1510
-1514
-1514
-1712
-1712
-1927
-1927
-2254
-2253
-2541
-2540
-2803
-2803
-2006
-2007
-658
-658
-2816
17408
17409
25601
25602
604
23554
604
23555
811
11011
811
11011
-14333
-14332
1062
9732
1062
9732
1095
18180
1095
18180
1063
9988
1063
9987
-14589
-14589
811
11011
811
11010
589
19714
589
19713
16129
16640
8960
-648
-647
-660
-661
-644
-645
-671
-671
-689
-687
-667
-667
-673
-672
-916
-915
-1191
-1191
-1467
-1466
-1705
-1704
-2004
-2003
-2031
-2032
-1714
-1714
-1446
-1446
21760
13568
13568
-10240
-10239
15105
15361
26113
25857
27393
27393
22785
22785
20737
20737
25601
25601
-28927
-28927
-14591
-14335
-4095
-4351
-2303
-2303
-6655
-6655
-13311
-13311
-13311
-13311
-1791
-1534
596
21506
595
21250
-10238
-9981
894
32259
894
32260
1087
16132
1087
16133
1315
8965
1315
8966
1571
8966
1570
8711
1823
7943
1822
7687
-1785
-1784
-30200
-30200
-17912
-18168
-28152
-28152
2070
5640
2070
5639
1867
19207
1867
19206
1588
13318
1588
13316
-13052
-13309
818
12803
819
13057
-29695
-694
-694
-656
-656
21760
593
20738
592
20485
1290
2565
1289
2311
-7417
-7670
-23798
-24051
3347
4877
3347
4878
-2546
-2800
4118
5648
4118
5648
4177
20752
4177
20751
-18161
-18162
-23538
-23539
-30451
-30452
-10228
-10484
-13812
-13811
3407
20237
3406
19982
3617
8462
3618
8718
-4850
-4593
3944
26639
3945
26895
3930
23055
3930
23054
-30962
-30964
-12788
-13046
2601
10506
2602
10758
-8442
-8189
893
32003
893
32000
-26880
29184
-32512
-32511
24065
24065
-7423
-7167
-1791
-1535
-16895
-16895
32513
32257
-31487
-31486
526
3586
526
3587
803
8963
802
8708
-27132
-27130
1585
12550
1586
12807
-19193
-19192
-5624
-5367
-19447
-19191
-4599
-4599
-26615
-26616
-17144
-17145
-27897
-27898
1629
23814
1630
24069
1357
19717
1357
19716
1143
30468
1143
30467
-15101
-14845
787
4867
788
5122
590
19970
589
19713
31745
31488
-17408
-17664
11264
-3840
8448
8448
-12288
-12542
537
6402
536
6147
-2813
-2554
1602
16902
1602
16904
-17912
-17910
-3062
-3060
-24052
-24307
-29939
-30195
-23795
-23795
3336
2061
3337
2315
-11253
-11254
2602
10762
2602
10760
2099
13064
2099
13062
1557
5382
1557
5379
-765
-766
518
1538
518
1536
13056
-1755
-1754
-2446
-2447
-2699
-2699
-2446
-2446
-1788
-1788
-728
-729
-1280
-1280
-1738
-1738
-2202
-2203
-2738
-2737
-1958
-1958
-1472
-1472
-999
-999
3840
5888
5632
-7168
-7167
-24063
-24062
632
30722
632
30723
-31741
-31740
-9212
-9466
1641
26886
1641
26887
2048
2393
22793
2392
22538
2585
6410
2586
6666
2562
522
2562
520
-2040
-2297
1815
5895
1815
5892
-23292
-23294
515
770
516
-717
-718
-1209
-1209
-1946
-1947
-2202
-2202
-2538
-2538
-2771
-2771
-2714
-2714
-2508
-2509
-2260
-2260
-2008
-2008
-1771
-1770
-1435
-1435
-1475
-1476
-1707
-1707
-1952
-1952
-2279
-2279
-2446
-2446
-2506
-2507
-2249
-2249
-1451
-1451
-997
-996
22016
-24064
-23807
-20223
-20222
636
31746
636
31747
775
1795
776
2051
858
23043
858
23043
893
32003
894
32259
890
31235
891
31491
854
22019
854
22019
773
1283
773
1282
-32510
-32511
-13567
-13568
-6144
-681
-682
-931
-932
-995
-996
-940
-939
-726
-727
-1449
-1449
-1762
-1761
-1997
-1997
-2232
-2233
-2272
-2271
-2286
-2286
-2285
-2284
-2273
-2274
-2251
-2251
-2214
-2213
-2034
-2034
-1242
-1243
25088
-32000
-32255
25857
25858
515
770
515
770
592
20482
593
20738
601
22786
600
22530
556
11266
556
11265
-8447
-8191
-28415
-28415
16641
16640
-4608
-4352
-26880
-26880
15104
-8704
11776
11776
-22784
-23039
16129
16129
-3839
-3838
-18942
-19197
-31741
-31484
1105
20740
1104
20484
-1532
-1787
1388
27653
1389
27909
-19963
-19707
-13563
-13819
-16635
-16635
-28667
-28667
1321
10501
1323
11012
-31228
-31229
-23293
-23294
-29438
-29695
21505
21504
1536
-966
-966
-5888
2304
2050
-12798
-12795
-3835
-3831
2329
6409
2329
6411
-5109
-4850
3598
3598
3600
4111
3897
14607
3896
14351
3928
22543
3928
22542
-25842
-25843
3440
28685
3441
28940
3164
23564
3164
23563
-15605
-15861
-11765
-12020
3190
30220
3190
30221
3441
28941
3442
29198
3696
28686
3696
28687
3861
5391
3861
5391
3851
2831
3852
3086
3596
3086
3596
3084
3075
780
3076
1033
2335
7945
2335
7941
-14843
-15102
-29438
-5376
1536
-24064
12800
12801
24065
24323
777
2307
777
2308
-7676
-7674
-25338
-25336
2055
1800
2056
2056
-3320
-3063
2390
22025
2390
22025
2342
9737
2342
9736
2169
30984
2170
31239
-30969
-30970
-30202
-30203
-16123
-15867
1342
15877
1342
15876
-5884
-6140
-28156
-28156
1035
2820
1034
2563
835
17155
835
17154
587
19202
588
19457
19969
19968
29952
-9472
28416
28417
-15615
-15869
-11261
-11002
1630
24070
1630
24073
2305
2305
2890
18955
2888
18444
-9460
-9459
-26867
-26867
3444
29709
3444
29708
-27124
-27381
2858
10763
2859
11017
2406
26121
2405
25863
-31481
-31483
-18427
-18428
1049
6404
1049
6402
-22526
-22783
15873
-2026
-2026
-2796
-2797
-2772
-2771
-1941
-1942
-1175
-1176
-1454
-1455
-2214
-2214
-1946
-1946
-646
-646
23553
8961
9218
-14590
-14588
1099
19204
1099
19205
-19451
-19194
-4346
-4089
-5881
-5880
-25848
-25847
2317
3337
2317
3337
2390
22025
2390
22025
2422
30217
2421
29961
2380
19465
2379
19208
-18424
-18425
-22265
-22266
1579
11014
1579
11012
1126
26116
1126
26114
-32510
-32768
-31232
-907
-907
-1413
-1412
-2207
-2206
-2444
-2444
-2451
-2452
-2007
-2008
-1758
-1757
-1507
-1509
-1234
-1234
-1176
-1176
-1194
-1195
-1502
-1503
-1784
-1784
-1669
-1669
-1432
-1431
-759
-760
-10751
8193
8194
590
19970
591
20227
861
23811
862
24068
1080
14340
1080
14340
-13564
-13307
1294
3589
1295
3845
1284
1029
1285
1284
-15100
-15100
1120
24580
1119
24323
-8701
-8701
836
17411
835
17154
-29694
-29695
-18175
-18176
-10496
-766
-767
-903
-904
-1011
-1011
-1013
-1013
-696
-696
-15616
21248
21248
-25600
-25600
-30976
-31232
4864
-724
-725
-1001
-1002
-1248
-1248
-1456
-1455
-1762
-1763
-1965
-1966
-2034
-2035
-1984
-1984
-728
-728
26624
27136
27393
19969
19970
516
1026
516
1026
632
30722
632
30722
-22782
-22782
-28158
-28158
588
19458
588
19457
-6143
-6143
27905
27904
-7680
-7680
17920
-26368
15104
15360
-5888
-5631
-25855
-25854
585
18690
584
18434
-7422
-7165
866
25091
867
25347
-18429
-18429
-12029
-12285
-22525
-22269
826
14851
827
15106
-30718
-30463
-22271
-22272
-22784
-717
-717
-1481
-1482
-1512
-1513
-1010
-1010
20992
21250
-10750
-10747
1371
23301
1372
23559
-19449
-19447
-25079
-25078
-9718
-9461
2894
19979
2893
19723
2833
4363
2832
4106
2686
32266
2685
32010
2561
2560
-6135
-5622
2641
20746
2641
20747
2837
5387
2837
5387
-3573
-3572
-23540
-23540
-2292
-2036
-15604
-15605
-7669
-7670
2634
18954
2634
18952
2049
2049
1350
17925
1350
17922
-31742
-31744
9216
-661
-661
-7423
5633
5634
-27902
-28156
1067
11012
1066
10757
-22267
-22266
-8442
-8441
-18169
-18168
2079
7944
2078
7688
2060
3080
2061
3335
-29689
-29690
-17914
-18171
-14843
-14844
-10492
-10749
-765
-765
818
12803
817
12546
608
24578
609
24833
-31487
-31488
-19968
-19968
1536
-5120
-21760
-21503
-7423
-7165
-27133
-26875
-22779
-23033
-9465
-8951
-9719
-9461
2903
22283
2902
22028
3108
9228
3108
9228
3138
16908
3139
17163
-9461
-9205
2837
5387
2837
5386
2570
2570
2569
2312
-14328
-14329
1885
23815
1886
24069
-7931
-8188
1122
25092
1120
24578
-6910
-6655
23809
-1947
-1947
-2199
-2199
-2293
-2292
-2239
-2239
-1776
-1776
-1430
-1429
-669
-669
-18944
26880
27136
-9216
-9215
5633
5633
8961
8960
-512
-25344
-1186
-1186
-1490
-1491
-1739
-1738
-1951
-1950
-1757
-1757
-1532
-1531
-1232
-1232
22016
13056
13058
534
5634
533
5379
-8189
-8187
1402
31237
1402
31238
-9722
-9720
2055
1800
2054
1544
-3064
-3063
-28151
-28151
-11255
-10999
-19191
-19191
2374
17929
2373
17672
-23544
-23801
-9977
-9722
-7162
-6907
-19963
-19964
1068
11268
1068
11266
589
19714
589
19712
12288
-1516
-1516
-2240
-2239
-2009
-2008
-1758
-1758
-1703
-1704
-1523
-1523
-1181
-1181
-1184
-1184
-1438
-1438
-1694
-1693
-1748
-1748
-1729
-1728
-1504
-1504
-932
-930
-707
-707
11008
9728
9729
6145
5889
-4095
-4350
-24062
-24061
807
9987
806
9731
878
28163
879
28419
888
30723
888
30723
838
17923
837
17666
-7678
-7678
605
23810
604
23553
-14591
-14591
10497
10752
-30208
-1467
-1468
-1507
-1506
-1177
-1177
-1001
-1002
-698
-698
-666
-666
-920
-920
-1225
-1224
-1494
-1494
-1674
-1674
-1723
-1723
-1736
-1736
-1714
-1714
-1201
-1201
-986
-984
-748
-747
5632
4864
4608
-1792
-2047
-18687
-18686
573
15618
573
15618
-32254
-32254
-32510
-32254
582
17922
582
17921
-8447
-8447
23809
23808
-9728
-9472
25088
-11520
4608
4864
30464
30464
-2048
-2047
31233
30977
-7679
-7934
547
8962
547
8962
562
12802
561
12546
533
5378
534
5633
-11263
-11519
23809
23552
-22272
-1186
-1185
-1415
-1416
-1223
-1224
-23295
3585
3331
-25085
-25338
1574
9734
1575
9992
2170
31240
2171
31498
2655
24330
2655
24331
-26869
-26869
-3061
-3061
-30965
-30966
-25078
-25079
-20215
-20215
2350
11785
2350
11785
2374
17929
2375
18185
-6135
-6390
-12022
-11765
-17397
-17396
3176
26636
3177
26892
-26868
-27124
3084
3084
3084
3082
-25846
-25592
2118
17928
2118
17925
1385
26885
1384
26626
-28670
-28672
17664
12544
8960
9217
10753
10754
522
2562
522
2562
-29694
-29694
-28670
-28670
568
14338
568
14337
-11775
-11775
-19967
-19966
532
5122
532
5122
-4862
-4604
1040
4100
1039
3845
1349
17669
1349
17670
1634
25094
1634
25095
1881
22791
1881
22792
2071
5896
2071
5896
2170
31240
2172
31752
2156
27656
2156
27655
-8441
-8697
1793
1793
1556
5126
1557
5381
1357
19717
1356
19460
-19708
-19452
1064
10244
1064
10243
-30717
-30462
-11518
-11518
552
10242
553
10497
-20223
-20223
-30463
-30463
-19455
-19454
548
9218
549
9474
-9214
-9213
-6653
-6907
1343
16133
1345
16646
-10490
-10488
2158
28168
2157
27913
-18935
-18934
2683
31498
2683
31498
-23542
-23286
2635
19210
2634
18953
-27127
-27128
-23032
-23033
-26617
-26874
1657
30982
1657
30981
1375
24325
1374
24068
1115
23300
1114
23043
874
27139
875
27394
630
30210
629
29953
22785
-1258
-1259
-1967
-1968
-1980
-1980
-993
-993
-664
-665
-5888
22272
22272
-28672
-28416
-29696
-29696
16640
-642
-642
-1228
-1228
-1219
-1219
-676
-676
24832
26112
26113
23553
23810
588
19458
587
19203
857
22787
858
23044
-23804
-24314
1553
4358
1553
4359
1905
28935
1905
28936
2162
29192
2163
29448
-10232
-10488
-27128
-27129
-15609
-15610
-32506
-32508
-4092
-4093
802
8707
802
8705
13825
-1169
-1169
-2045
-2046
-2251
-2251
-2502
-2502
-2543
-2544
-2510
-2510
-2201
-2200
-1969
-1969
-1753
-1753
-1463
-1465
-1245
-1244
-1200
-1201
-1165
-1165
-997
-996
-659
-658
-7424
26112
26112
-15104
-15360
-3328
-3327
2817
2817
11777
11521
30465
30465
-9215
-9214
559
12034
559
12034
576
16386
576
16385
-1023
-1023
27649
27904
-19712
-672
-673
-1183
-1182
-1430
-1430
-1488
-1487
-1525
-1524
-1534
-1534
-1513
-1513
-1473
-1473
-1419
-1419
-1263
-1262
-1216
-1215
-1161
-1161
-991
-991
-675
-675
-650
-651
-715
-714
-972
-972
-1021
-1021
-965
-965
30720
768
1280
28928
28928
-13312
-13055
9217
9473
-32767
-32767
-9215
-9214
558
11778
558
11778
619
27394
618
27138
-28926
-28926
-25598
-25854
-29182
-29182
610
25090
611
25346
531
4866
531
4865
-24319
-24063
7681
7680
-25088
-25088
14080
-3072
13312
13312
28928
28928
-26624
-26880
-24832
-24832
-30720
-30720
24064
24320
9472
-647
-648
-695
-695
-734
-734
-906
-907
-950
-950
-930
-930
26369
23553
23555
-25341
-25594
1538
518
1538
520
2132
21512
2132
21514
2647
22282
2648
22539
-12789
-12276
-30196
-29940
-29940
-30197
-757
2871
14091
2872
14346
-29430
-29430
2617
14602
2617
14602
2630
17930
2630
17930
-25334
-25077
2836
5131
2837
5387
2929
28939
2929
28939
2941
32011
2941
32011
2825
2315
2825
2313
-3063
-3064
2126
19976
2127
20230
1613
19718
1613
19716
1086
15876
1086
15874
633
30978
633
30977
12801
12544
30720
30976
16640
16384
26880
27136
-14080
-14335
13569
13825
-30463
-30719
-27135
-27135
23297
23552
-3072
-2816
-26368
-26368
-27904
-28160
-2048
-2047
-18431
-18430
-22526
-22525
-26365
-26108
-32764
-32763
1371
23301
1372
23558
1558
5638
1557
5382
-27898
-27898
-22266
-22266
1614
19974
1614
19973
-23291
-23292
-5884
-5628
1105
20740
1105
20739
-6397
-6397
-28157
-28157
816
12291
817
12546
-19966
-19966
551
9986
551
9985
-19967
-19967
27393
27649
21505
21761
24321
24577
-29695
-29439
-6399
-6398
-29950
-29949
891
31491
891
31492
-27900
-27899
-25083
-25082
1635
25350
1637
25862
-12794
-12794
-6394
-6138
-16122
-16378
1644
27654
1643
27397
-4347
-4347
1359
20229
1359
20228
-26108
-26109
-9213
-9213
797
7427
795
6914
592
20482
592
20481
23809
23808
13056
-676
-676
-1707
-1706
-1778
-1778
-1774
-1774
-1688
-1688
-1532
-1532
-698
-699
-9472
15616
15616
28416
28416
29696
29696
21760
21504
4352
-750
-750
-947
-947
-996
-997
-1019
-1018
-1006
-1006
-951
-952
-712
-712
-32768
-31488
-31231
-25343
-25342
-22526
-22781
891
31491
890
31235
-2045
-1788
1061
9476
1061
9476
1037
3332
1037
3331
-15101
-15357
860
23555
860
23554
-12030
-12286
542
7682
542
7681
18945
18944
23296
-744
-745
-1414
-1414
-1708
-1708
-1921
-1921
-2040
-2040
-2031
-2030
-1998
-1999
-1940
-1939
-1685
-1685
-1490
-1489
-1275
-1275
-726
-726
-13056
11776
11776
28928
28928
-27648
-27648
-25344
-25344
-26112
-25856
-28928
-28928
30208
30208
19456
19200
4096
-743
-743
-962
-962
-990
-990
-962
-962
-708
-707
-4864
15616
15360
27904
27904
31744
31744
28928
28928
19712
19456
4096
-24832
-25087
15873
15617
-14335
-14334
562
12802
563
13058
637
32002
636
31746
-22782
-22782
-20478
-20734
-27646
-27646
603
23298
604
23554
537
6402
538
6657
-6399
-6143
-11519
-11263
-10239
-10239
-8703
-8703
-13823
-13823
-28415
-28159
14849
15104
-10496
-10240
30720
30464
9472
-13312
4608
4608
29696
29952
-9984
-9983
11009
10497
22529
22529
24833
24577
17921
17921
2049
2048
-23808
-23552
6144
-722
-722
-909
-908
-928
-927
-930
-931
-930
-930
-934
-933
-927
-927
-758
-757
29441
18945
19203
860
23555
859
23301
1393
28933
1393
28935
1881
22791
1882
23048
-7416
-7415
-9207
-9206
2598
9738
2597
9481
-16375
-16376
-7672
-7673
-8697
-8697
1806
3591
1807
3846
-21242
-21498
-17402
-17145
1822
7687
1822
7687
-27641
-27641
-6905
-7161
-7417
-7417
1899
27399
1898
27142
1649
28934
1649
28933
1288
2053
1287
1795
855
22275
855
22273
-21759
-21760
20992
-31488
1792
1792
-27904
-27647
2561
2817
19713
19713
19201
19201
2305
1792
-27136
-27136
7680
-9472
13312
13312
-11264
-11263
-25599
-25598
630
30210
630
30211
840
18435
840
18435
-2813
-2812
1127
26372
1128
26628
-31228
-31228
1108
21508
1108
21507
-6909
-6909
859
23299
859
23298
-9214
-8958
634
31234
634
31234
567
14082
566
13826
518
1538
519
1793
-9215
-8959
-20735
-20735
32513
32257
19457
19457
7425
7680
513
769
14081
14337
-20991
-21246
604
23554
603
23299
808
10243
807
9987
-5629
-5628
1138
29188
1139
29444
-22012
-22012
-30716
-30716
1055
7940
1056
8195
-29437
-29438
-6142
-6142
581
17666
581
17665
-20735
-21247
8705
8960
-26112
-26112
1280
-666
-667
-967
-967
-1265
-1264
-1521
-1520
-1703
-1703
-1785
-1784
-1763
-1764
-1454
-1456
-1217
-1218
-962
-962
-713
-712
-5632
18688
18688
-29440
-29696
-17408
-17408
-11264
-11264
-11008
-11264
-18688
-18688
29184
29184
768
-664
-665
-713
-712
-730
-730
-710
-710
-649
-649
-25600
16128
16128
-5120
-5375
-25855
-25854
567
14082
566
13826
-22526
-22782
-8446
-8446
-7934
-7934
-16638
-16638
-30718
-30718
579
17154
579
17153
-2559
-2303
-23551
-23551
20737
20737
512
-22016
-21760
17664
-991
-991
-1160
-1160
-1227
-1227
-934
-934
-728
-727
-662
-662
-3584
11520
11264
20992
20992
23040
23040
18688
18688
9216
