512
-768
512
-768
768
-1024
1280
-1792
2560
-4352
11264
11264
-16640
-16640
-27648
-27392
-27392
-27136
-31232
-31232
-31744
-32000
32000
32000
31232
31488
30976
30720
30464
30464
30720
30720
29440
29440
27136
26880
22272
22272
17152
17408
12288
12288
9728
9984
9472
9216
11264
11264
13568
13568
14848
15104
14592
14848
12544
12544
8704
8704
3840
-2816
512
2560
2304
4352
4352
6144
5888
6912
6912
6656
6400
4352
4096
512
-1024
1024
1024
768
-1536
1024
1024
5120
5376
10496
10496
15360
15360
18688
18944
20736
20736
21760
21760
22016
22016
22528
22784
23296
23296
23552
23552
23040
23296
21760
21760
18944
19456
16384
16128
14080
14080
12544
12544
12032
12032
11776
11776
11776
11776
11520
11520
11520
11008
11264
11264
12032
12032
13568
13568
15872
15872
19200
19200
22528
22528
25344
25344
27904
28160
29952
29952
31488
31488
-32768
-32512
-30720
-30720
-28928
-28672
-27136
-27136
-26624
-26624
-27136
-27392
-29696
-29696
32512
32256
28160
28416
24320
24320
20224
19968
16128
16384
13056
13312
11008
11008
9728
9984
10240
9984
11520
11776
14080
14080
16896
17152
19968
20224
22784
22784
25344
25344
27904
27904
30464
30464
-32256
-32256
-28416
-28160
-23040
-23040
-17664
-17664
-13056
-13056
-10496
-10240
-10240
-9984
-11520
-11776
-14336
-14336
-17920
-17920
-22528
-22528
-28672
-28416
29696
29440
21504
21248
13312
13568
6656
6400
1024
-1024
2048
2048
3328
3328
3840
4096
3584
3584
2816
2816
2304
2304
2048
1792
2048
2048
2048
2048
1536
1536
1536
1536
2048
2048
3072
3328
5632
5376
7936
7936
9984
9984
11264
11264
11776
11520
11264
11264
10496
10752
9472
9728
8448
8448
7424
7424
6912
6912
6400
6400
5632
5376
4096
4096
1792
-512
2304
2304
5120
5376
7936
7936
9216
9216
9472
9472
8704
8704
8448
8192
9216
8960
10240
10240
11008
11264
10496
10496
8448
8448
6400
6400
5120
5120
5888
5632
8704
8448
13056
13056
17920
17920
22272
22272
26368
26112
28928
28672
30208
30464
30720
30976
29440
29440
26368
26368
22016
22016
16640
16640
11264
11264
6400
6656
3072
3072
1536
1536
1024
1024
768
768
1024
1024
512
768
512
768
1024
1280
1536
1280
1280
512
2560
2304
6144
6400
9984
10240
13312
13312
15104
15360
15872
16128
16384
16384
16896
16896
17408
17408
17664
17664
17920
17664
17408
17664
16896
17408
16896
17152
17152
16896
17408
17664
18688
18432
19968
19712
20992
20992
21504
21504
22272
22272
23808
24064
26880
26624
31232
30976
-30208
-30208
-27392
-27392
-27648
-27392
-30208
-30464
30976
30720
26112
26112
22272
22272
19456
19712
17408
17408
15872
15872
15360
15360
15872
15872
17152
17408
19456
19712
22784
22528
25856
25856
29696
29696
-32000
-32000
-27904
-27648
-23808
-23552
-20480
-20480
-17920
-17920
-16640
-16640
-16896
-16640
-17408
-17408
-18176
-18176
-18176
-18176
-17664
-17408
-17408
-17152
-18176
-18176
-20480
-20480
-23552
-23296
-26112
-26112
-27392
-27392
-27392
-27392
-26368
-26368
-25600
-25600
-26112
-26368
-28416
-28160
-30720
-30720
32512
32512
30464
30208
28160
28160
25856
25856
23296
23296
21760
22016
21760
22016
23040
23040
25088
25088
26112
26112
26112
26112
25600
25344
25088
25088
26112
26112
28672
28928
31744
31488
-31232
-31232
-28928
-29184
-26624
-26624
-23296
-23296
-18944
-18688
-14336
-14336
-11008
-10752
-9472
-9472
-9984
-9728
-10752
-10752
-11520
-11520
-11520
-11520
-11264
-11264
-11776
-11520
-13824
-13568
-17408
-16896
-21504
-21504
-26368
-26368
-31232
-31232
29696
29696
24576
24576
18944
19200
13312
13312
7936
8192
4096
3840
1792
1536
512
768
512
768
768
-1792
2048
2048
6656
6400
10752
10752
14336
14336
16128
16128
15872
16128
13824
13824
10240
9984
4864
-2048
1792
1536
5632
5888
9472
9216
11008
11008
10240
10496
7936
8448
6400
6656
6400
6400
7424
7680
9216
9472
10496
10496
9984
9984
9728
9728
9984
10240
12544
12544
15872
15872
19200
19200
20736
20480
20736
20736
19968
19968
18432
18432
16640
16384
13056
13312
8960
8960
4352
4352
768
1024
1024
3072
3072
5376
5376
7168
7168
8192
8192
8960
8960
9728
9984
10496
10496
10752
10496
10752
10752
11264
11520
13312
13056
15872
15616
18176
18176
19456
19200
18176
18176
15360
15104
11520
11264
7680
7424
4608
4608
1792
2048
2304
4608
4864
8192
8192
11776
11264
14848
14592
17664
17408
19968
19968
22272
22272
23808
23808
25088
25344
26624
26368
27648
27648
29440
29440
31488
31744
-30720
-30720
-27648
-27904
-25600
-25600
-24832
-24576
-25600
-25344
-27136
-27392
-27904
-27904
-27392
-27392
-24320
-24320
-19712
-19456
-13568
-13568
-7936
-7936
-3584
-3328
-768
769
513
-1792
-1536
-5632
-5376
-11264
-11264
-18688
-18688
-27136
-27392
29952
29952
23040
23040
18176
18432
15104
15104
12800
13056
10496
10496
6656
6656
2304
5632
5632
11008
10752
16128
15872
20224
19968
23040
23040
24832
24832
25600
25600
25344
25344
24576
24576
22528
22528
19200
19200
15360
15360
12032
11776
10496
10752
11776
11520
15104
14848
19968
19968
25600
25600
30464
30208
-30976
-31232
-27904
-27648
-24320
-24064
-20992
-20992
-17664
-17408
-14592
-14592
-12800
-12544
-11776
-12288
-12032
-12288
-12288
-12288
-12032
-12032
-11776
-11776
-12032
-12032
-13312
-13312
-15360
-15616
-17664
-17920
-20224
-20224
-21760
-21760
-23296
-23296
-24576
-25088
-26112
-25856
-25856
-25856
-24064
-24320
-19712
-19968
-14848
-14848
-11008
-11264
-10240
-10240
-12544
-12544
-16384
-16384
-19968
-19968
-22528
-22528
-23808
-23808
-25856
-25600
-29184
-29184
31488
31488
26624
26624
23552
23552
22528
22528
22784
22528
22272
22272
19456
19456
14592
14336
8704
8704
3840
3840
768
-512
1024
1024
1536
1792
2304
2304
3840
4096
6656
6400
9216
8960
11008
11264
11264
11008
10240
10240
9216
9216
8448
8192
7424
7168
6400
6400
5120
4864
2816
2816
512
-512
2560
2304
5888
5888
9472
9472
12032
12032
14080
13824
15616
15616
18432
18176
21760
21760
24832
24832
26880
26624
26368
26624
24576
24832
22528
22528
21248
21504
21760
21760
23040
22784
23808
24064
23808
24064
22784
22784
21504
21504
19456
19456
17152
17152
14080
14080
10240
9984
5888
6144
2048
-512
512
768
1792
1792
3072
3328
5120
4864
7424
7424
9984
9984
12544
12544
14848
14848
17664
17664
20992
20992
24576
24576
27904
27904
29696
29440
29184
29184
27648
27392
25344
25344
23040
23296
21504
21760
19968
19712
16896
17408
13824
13824
9984
9728
6144
5888
2816
-2816
3328
3072
7680
7680
10496
10496
11008
11008
9728
9472
6656
6656
2560
2048
1792
4608
4608
8192
8192
11776
11776
14592
14336
14848
14848
13568
13568
12032
11776
11776
11776
14080
14336
17664
17920
20992
20992
22016
22272
21504
21760
20480
20480
19968
20224
21248
21248
23040
23296
24832
25088
25856
25856
25856
25856
26368
26112
27392
26880
29184
28928
31232
31488
-32256
-32256
-31232
-31488
-31232
-31488
-31488
-31744
-31488
-31488
-30976
-30976
-30464
-30464
-30208
-30208
-30976
-31232
-32768
-32768
30464
30464
27904
27904
24832
25088
22272
22272
19200
19200
16384
15872
13824
13568
12544
12544
12544
12544
14080
13824
16128
16384
19200
19200
22272
22272
25344
25344
27648
27904
29184
29184
28672
28672
27136
27136
24832
24576
21760
22016
19968
19712
17920
17664
15616
15616
13056
13056
9472
9472
6144
6400
3840
3840
2816
2560
3584
3328
5120
5376
7168
7168
8704
8960
9728
9984
9728
9728
9472
9216
8704
8960
8448
8192
7424
7424
6144
6144
4352
4352
3584
3584
4352
4096
6400
6400
9984
9984
13056
13312
14848
14848
13824
13824
11264
11520
7680
7680
4352
4096
1792
-2560
2048
2048
2816
2560
2048
2048
512
-1536
1024
1024
3840
4096
6400
6400
8192
7936
8960
8960
9984
9984
12032
11776
14080
14080
15872
15616
15872
15616
13568
13824
10752
11008
8960
8960
8704
8704
10240
10496
12288
12288
13312
13056
12800
12544
11520
11520
11008
11008
11008
11008
11776
11520
12032
12032
11264
11008
9472
9472
8448
8192
7936
7936
7680
7680
6400
6144
2816
-768
1280
1280
3584
3328
6912
7168
11520
11520
16640
16384
20480
20480
22016
21504
20224
20480
16128
15872
11264
11008
6400
6656
3072
3072
1536
1280
1024
1024
2304
2304
4352
4608
7168
6912
8704
8704
9984
9984
11520
11264
14080
13824
17408
17664
20992
20992
23040
23296
24064
24064
24320
24576
24320
24320
23040
23040
19712
19456
14080
14080
8192
8192
4608
4608
4352
4608
7424
7424
11520
11264
14336
14336
15104
15104
14336
14592
13824
13824
14848
14592
16640
16640
18176
18432
19456
19456
19712
19968
20224
19968
20480
20224
20992
20992
21248
20992
20736
20480
19200
19200
17152
17152
16128
16128
14848
15104
13824
13824
12544
12544
12288
12544
14336
14080
18944
18688
25344
25600
32512
32256
-26880
-26880
-22272
-22528
-20224
-19968
-18944
-19200
-19200
-19456
-19200
-19200
-17920
-17664
-15104
-15360
-12032
-12032
-9472
-9728
-8704
-8448
-8448
-8192
-8192
-8192
-7936
-7936
-7424
-7424
-7936
-7936
-9984
-9984
-13056
-13056
-15872
-15872
-17920
-17920
-18688
-18944
-19456
-19200
-20736
-20736
-23040
-23296
-26112
-26112
-28160
-28160
-28928
-28928
-28672
-28672
-28160
-28160
-28928
-28928
-30720
-30720
-32256
-32256
32512
32256
-32512
-32768
-30976
-30976
-29952
-29952
-29696
-29952
-31232
-31232
31488
31488
27648
27904
24320
24576
21504
21504
20224
20224
19200
19456
18176
18432
16128
16128
13568
13824
12032
11776
12544
12544
15104
15616
18688
18432
19968
19712
18688
18688
15616
15616
13312
13056
12800
12800
15360
15360
19456
19456
23808
23808
27136
27392
29696
29952
31744
32000
-32000
-32000
-30464
-30464
-29696
-29952
-29952
-29952
-30464
-30464
-30976
-30976
-31232
-30976
-30464
-30464
-29952
-29952
-29440
-29440
-28928
-28928
-27648
-27904
-25856
-26368
-23808
-23808
-21504
-21504
-20480
-20480
-22016
-21760
-25088
-25600
-30976
-30976
27904
27648
21760
21760
18176
17920
16640
16896
16640
16384
16128
16128
14336
14336
11008
10752
7424
7168
4864
4608
2560
1792
1792
2816
2816
4096
4096
6656
6656
10496
10752
15104
15104
18688
18944
19968
19712
18688
18688
15872
15872
12800
13312
11008
11008
9472
9472
8448
8448
6400
6656
3840
4096
2048
2048
1280
1536
2048
2048
3072
3072
2816
3072
2304
2048
1536
1536
2560
2816
6656
6656
13056
13056
19968
20224
26112
26112
29696
29696
31488
31488
-32256
-32512
-29696
-29696
-26112
-25856
-22272
-22528
-19456
-19968
-19968
-19968
-21504
-21248
-23040
-23040
-23296
-23296
-22784
-22528
-22272
-22272
-24064
-24064
-28672
-28416
30720
30720
24832
24576
20224
20224
17920
17920
16384
16128
14592
14848
12032
12288
9984
9984
9472
9216
10240
10496
12800
12544
14848
14592
15360
15104
14336
14336
12288
12288
11008
11008
10496
10240
10240
10240
9728
9472
8192
8192
5632
5888
3072
3072
-2560
4608
4352
9728
9728
12544
12544
13824
14080
15104
15104
17408
17152
19712
19712
20224
20480
18688
18688
15104
15360
11264
11008
8960
8704
8448
8448
9984
10240
12288
12288
13568
13568
13824
13824
13568
13312
13312
13568
14848
15360
17664
17408
19712
19456
20224
19968
18176
18176
14592
14848
12288
12032
12288
12288
15104
15360
19712
19968
23552
23296
25088
25088
24576
24576
23040
23296
22016
22016
21760
21760
21248
21248
19712
19712
16128
16128
12032
12032
8960
8704
8704
8448
10496
10752
13824
13568
15104
14848
13056
13056
9728
9728
7168
6912
7424
7424
11008
11008
16128
16640
20480
20224
22016
21760
21760
21760
22016
22016
25088
25344
30720
30976
-28928
-28672
-25344
-25344
-26112
-26112
-30208
-29952
30976
31232
29184
29184
29440
29440
30720
30720
30464
30464
27136
27392
21760
22272
17152
16896
14080
14080
13824
13824
14592
14848
14080
14080
11520
11264
7168
6912
3072
2816
1024
1024
2048
1792
4864
4864
8192
8192
10752
10752
12544
12544
14080
14080
16640
16384
19712
19712
23296
23296
24832
24832
23808
23808
19712
19712
14848
14592
9984
9984
6912
6656
5120
5120
3584
3840
1280
-3072
3072
3328
6144
6400
8960
9216
11776
11776
14080
14080
15872
16128
17152
17152
17152
17152
16128
16384
14848
14848
14080
13824
14080
14080
15872
15616
19200
19200
23296
23296
26624
26624
27904
27904
27136
27136
25088
25344
23808
23808
23296
23040
23040
23040
21504
21504
18176
18176
13568
13312
8960
9216
6656
6912
6144
6144
5888
5632
3840
4096
768
-2560
1792
1536
1792
2048
1792
1792
1792
1792
1792
1792
2304
2304
2304
2560
2048
2048
2048
2048
3072
3328
5632
5376
8448
8448
10752
10752
11264
11264
10752
10496
9728
9216
8704
8704
8192
8192
6912
6912
5120
5120
2816
2816
512
-2816
512
768
4864
5120
9472
9216
13056
13056
16640
16640
20480
20480
24576
24320
27904
28160
29696
29696
29184
29184
26624
26624
23808
23808
22272
22272
22528
22272
22784
23040
23040
23040
22272
22528
21504
21504
20992
20992
20992
21248
21504
21504
21248
21248
20480
20736
20224
20224
20736
20736
21760
22016
22528
22528
21760
21760
19712
19712
17152
17152
14592
14848
12544
12544
9984
9984
6656
6656
3328
3328
-1536
1280
1280
4864
4864
8192
8192
9984
9984
10752
10496
9984
9984
9472
9472
9216
9216
9728
9472
11008
10752
12288
12288
13056
13056
12544
12544
10752
10496
7424
7168
3840
3840
768
-1536
5120
5120
12032
11776
16384
16384
17920
17920
17664
17408
17408
17408
18944
19200
22272
22272
25344
25088
26112
26112
24576
24320
21760
21504
19712
19968
19712
19968
20992
20992
21504
21504
19712
19712
15616
15616
9984
9984
5888
5888
3840
3584
3072
3072
2304
2560
768
2304
2560
3328
3328
2304
2560
1536
1536
2304
2304
4096
4096
5632
5376
4352
4352
768
-2816
2560
2816
7168
7424
9984
9728
9984
9984
9472
9728
9728
9984
11520
11264
12544
12800
12800
12544
11264
11520
9216
9472
8704
8704
10240
10496
15104
14848
21248
21248
27392
27392
31232
31232
-32768
-32768
31232
31488
28928
28928
25600
25344
21504
21504
16896
16896
10496
10496
3840
-3840
1024
1024
4352
4096
6656
6656
9728
9472
13056
13312
16896
17152
18944
18944
18944
19200
17664
17664
16640
16640
16896
16896
18944
18944
20480
20480
20224
20480
17664
17408
13056
13056
8192
8192
3840
3840
-2560
3328
3328
8192
8448
11008
11008
11264
11264
11008
10752
11520
11520
13568
13568
16384
16384
18432
18176
17920
17920
15872
15872
13824
13568
13056
13056
15104
15104
17920
17920
19968
19968
19712
19712
17152
17408
14336
14336
13056
13312
14592
14336
17920
17920
21248
21504
22528
22528
21504
22016
19712
19712
18432
18688
19456
19456
22016
22272
24832
24576
25600
25088
23552
23296
19968
19712
16384
16640
15360
15360
16128
16128
17408
17408
16640
16384
12800
12800
7424
7424
2304
1024
512
3840
3840
7168
6912
8448
8448
8704
8704
8448
8448
9472
9216
11008
11008
13056
13312
13312
13312
10752
10752
6400
6144
1280
1024
1024
3584
3328
6400
6400
7936
8192
7680
7680
5632
5632
3328
3328
2304
2304
3072
3072
5632
5632
8704
8704
11520
11264
13568
13568
15104
14848
16128
15872
16384
16384
16128
16128
14592
14336
12544
12288
10496
10496
10240
10240
12032
12288
15872
15872
19968
20224
24320
24320
27904
28160
31232
31488
-29952
-29696
-24832
-24832
-19200
-19712
-15360
-15104
-13056
-13056
-13824
-13824
-16640
-16384
-19968
-19968
-23808
-23808
-26368
-26880
-28928
-28928
-31744
-31744
30720
30464
26368
26368
22528
22528
19712
19712
19200
18944
20224
19968
22272
22272
23808
23808
24064
24320
24320
24320
24832
24576
25600
25600
27392
27392
28160
28160
28160
27904
25856
25856
22784
22528
19200
19200
15872
15616
12032
12032
7936
7680
2304
-4096
1024
1280
7168
7168
13824
13824
19968
20224
25600
25600
31232
30976
-30208
-30208
-26624
-26624
-24576
-24576
-23296
-23296
-22016
-22016
-19968
-19968
-16896
-16896
-13312
-13312
-10752
-10752
-9472
-9728
-9984
-10240
-12288
-12032
-15360
-15360
-18944
-18944
-23552
-23296
-27648
-27648
-31232
-31232
-32768
-32768
-32512
-32512
-29952
-29952
-26112
-26112
-22016
-22016
-17408
-17664
-13568
-13312
-10240
-10496
-9472
-8960
-9472
-9728
-11520
-11776
-14336
-14336
-17152
-17152
-20224
-20480
-24320
-24064
-28928
-28928
30720
30976
24832
24832
19456
19456
15104
15360
10240
10240
4352
-1024
1024
768
1536
1536
2560
2560
3072
3328
3328
3328
3072
2816
2048
2560
2048
2048
2048
2048
1280
-512
512
512
1280
1280
2048
2048
3584
3328
6144
5888
9216
9216
11776
11776
13824
13824
13568
13824
12032
12032
10240
9984
8704
8704
8704
8704
9472
9216
8704
8960
7168
7168
5120
5120
3840
3840
5120
5120
7680
7936
11008
11008
13824
13824
15616
15616
17920
17920
20736
20480
24320
24576
27904
27904
29952
29696
30464
30208
31232
30976
-31744
-32000
-27392
-27648
-22784
-22784
-20736
-20736
-22272
-22016
-25344
-25088
-28160
-27904
-28160
-28416
-27392
-27392
-28160
-27904
-32000
-32000
27136
27136
20480
20480
15872
15872
13568
13824
13056
13056
11520
11520
8704
8704
5376
5376
3072
3328
2560
2560
3840
3840
4864
5120
5632
5376
4864
5120
5632
5376
7424
7424
10752
10752
13824
13824
15872
15616
16128
16128
16128
16384
16384
16640
16640
16640
16640
16640
15616
15616
14080
13824
12544
12544
11264
11520
10752
10752
9984
10240
7680
7680
4096
4096
-1024
5632
5376
12544
12544
17408
17152
18688
18688
17152
16640
14080
14336
13312
13312
15616
15616
20480
20224
24576
24832
26624
26624
24064
24064
18432
18176
11520
11520
7168
6912
5376
5120
5632
5888
6144
6144
4608
4608
1792
-512
512
4608
4864
10752
10496
14848
14592
14848
14848
11776
11520
7680
7680
5376
5376
5632
5888
7424
7424
7168
7168
3840
-1536
6144
5888
13568
13568
18688
18688
22016
22016
24320
24064
27648
27648
32256
32256
-27648
-27904
-23040
-22784
-19968
-19968
-18432
-18688
-17664
-17664
-16384
-16384
-13824
-13824
-10752
-10752
-7424
-7168
-2560
-2559
3841
3841
11777
12033
20993
20737
29697
29441
-28671
-28927
-23039
-23039
-18687
-18943
-14591
-14591
-10495
-10239
-6143
-6399
-2047
-1790
522
2562
521
2306
536
6146
536
6146
544
8194
544
8194
543
7938
544
8194
534
5634
534
5634
521
2306
522
2562
512
513
-1279
-1535
-2815
-2815
-5887
-5887
-10239
-10239
-15103
-15103
-17919
-18175
-17919
-17919
-16127
-15871
-14847
-15103
-16895
-16895
-21759
-21759
-27903
-27903
-31743
-31743
-32255
-32255
-31231
-31231
-31743
-31743
30465
30465
26113
25857
24065
24065
25857
26113
30721
30977
-29951
-29695
-29183
-29183
-32767
-32511
27393
27649
22529
22785
20225
20481
19201
19201
17665
17409
13569
13825
7681
7681
1025
1024
-4352
-4096
-7168
-7424
-8448
-8704
-8704
-8960
-9472
-9728
-10496
-10496
-11264
-11264
-11008
-11264
-9472
-9216
-6400
-6656
-3840
-3840
-2048
-2304
-2816
-2560
-5376
-5120
-9216
-8960
-13312
-13312
-16128
-16128
-17920
-17920
-19456
-19712
-22016
-22016
-26368
-26112
-30976
-30720
30976
30976
29184
29440
29184
28928
29184
29184
28416
28416
25344
25600
21760
21760
17920
17664
15360
15360
14336
14336
14336
14336
14336
14336
13312
13056
9984
9728
5120
5376
512
-659
-659
-674
-674
-683
-683
-685
-686
-684
-683
-679
-679
-675
-675
-673
-674
-676
-676
-677
-677
-677
-676
-671
-671
-660
-660
-648
-649
-8704
512
9984
9984
19712
19712
27648
27648
-32000
-32256
-27904
-27648
-24320
-24320
-21504
-21504
-18944
-18688
-17664
-17664
-17920
-17664
-18688
-18688
-18944
-18944
-17920
-17664
-15872
-15872
-14080
-14336
-12800
-12800
-11520
-11520
-9216
-9216
-3840
-4351
3073
3073
11009
11009
18177
18177
23297
22785
26625
26625
30721
30721
-30463
-30207
-25855
-25599
-23039
-23039
-22783
-23039
-23551
-23551
-23807
-23551
-22527
-22527
-21247
-20991
-20991
-20991
-23039
-23295
-25599
-25855
-27391
-27391
-26879
-26623
-24063
-24319
-21759
-21503
-19711
-19711
-18687
-18687
-16895
-17151
-13823
-13567
-8447
-8703
-2303
-2302
529
4354
529
4354
551
9986
550
9730
565
13570
565
13570
577
16642
576
16386
587
19202
587
19202
606
24066
606
24066
634
31234
633
30978
-26878
-27134
-20478
-20478
-16638
-16894
-16382
-16382
-17406
-17406
-18430
-18174
-18430
-18174
-17662
-17918
-19710
-19454
-24574
-24318
-31230
-31486
618
27138
618
27138
608
24578
608
24578
617
26882
618
27138
-32510
-32510
-26878
-26878
-25342
-25342
-28926
-28926
629
29954
629
29954
602
23042
602
23042
584
18434
585
18690
579
17154
579
17154
579
17154
579
17154
582
17922
583
18178
586
18946
587
19202
596
21506
596
21506
616
26626
616
26626
-31486
-31486
-24318
-24318
-20222
-20222
-22526
-22526
-30462
-30206
607
24322
608
24578
567
14082
567
14082
546
8706
545
8450
542
7682
543
7938
553
10498
553
10498
572
15362
571
15106
587
19202
588
19458
599
22274
601
22786
611
25346
610
25090
618
27138
618
27138
621
27906
621
27906
615
26370
616
26626
598
22018
597
21762
567
14082
567
14082
536
6146
536
6146
518
1538
517
1282
525
3330
525
3330
560
12290
559
12034
609
24834
609
24834
-28414
-28414
-20478
-20478
-17918
-18174
-18942
-19198
-21758
-22014
-24574
-24574
-27390
-27390
-31230
-31486
625
28930
624
28674
603
23298
602
23042
585
18690
585
18690
580
17410
580
17410
584
18434
584
18434
584
18434
585
18690
570
14850
570
14850
531
4866
532
5121
-9727
-9983
-25599
-25855
26113
26369
16897
16897
12289
12289
8705
8961
4865
4608
-1536
-1792
-9728
-9728
-17408
-17664
-24320
-24320
-30720
-30720
28416
28416
20736
20736
12032
12032
5120
5120
1280
1280
1792
1792
3840
3840
2560
-657
-657
-697
-696
-720
-719
-733
-734
-753
-752
-934
-935
-977
-976
-1009
-1010
-1167
-1166
-1198
-1198
-1213
-1213
-1212
-1213
-1200
-1200
-1185
-1186
-1175
-1175
-1166
-1166
-1156
-1157
-1159
-1160
-1184
-1184
-1210
-1210
-1224
-1225
-1226
-1225
-1216
-1216
-1200
-1201
-1186
-1185
-1173
-1173
-1158
-1159
-1021
-1021
-976
-975
-922
-922
-765
-766
-742
-742
-713
-714
-683
-682
-653
-653
-2816
512
512
5888
5632
12800
12800
18688
18432
22528
22528
25856
25856
29184
29440
-31488
-31488
-25600
-25344
-20480
-20480
-17408
-17408
-15616
-15616
-13312
-13312
-8192
-7935
513
769
10753
10753
19201
19201
23553
23553
24321
24065
25345
25089
28417
28417
-30975
-30975
-23039
-23295
-17151
-17151
-13567
-13823
-12287
-12287
-10751
-10751
-7167
-6911
-2047
-1790
523
2818
523
2818
538
6658
537
6402
546
8706
546
8706
553
10498
553
10498
568
14338
569
14594
597
21762
597
21762
-32510
-32510
-18174
-18430
-3582
-3581
807
9987
806
9731
843
19203
843
19203
857
22787
858
23043
850
20995
850
20995
825
14595
825
14595
797
7427
797
7427
782
3587
782
3587
783
3843
783
3843
800
8195
801
8451
827
15107
827
15107
853
21763
853
21763
876
27651
876
27651
-32765
-32509
-28669
-28669
-26109
-26109
-28157
-28157
882
29187
883
29443
835
17155
834
16899
782
3587
783
3842
-4606
-4606
-3070
-3069
801
8451
801
8451
873
26883
872
26627
-18685
-18685
-3837
-3580
1040
4100
1040
4100
1041
4356
1041
4355
-1789
-2045
-11261
-11261
-22013
-21757
-31229
-31229
882
29187
883
29443
888
30723
887
30467
-26109
-26109
-11005
-11004
1054
7684
1054
7684
1128
26628
1126
26116
-24828
-24828
-18172
-18172
-20476
-20220
-32252
-32252
1085
15620
1085
15619
-2301
-2557
-15869
-15869
-19965
-19965
-14333
-14333
-1533
-1276
1083
15108
1082
14852
1144
30724
1144
30724
-23804
-24060
-18684
-18428
-19452
-19452
-27900
-27900
1115
23300
1116
23556
1050
6660
1049
6403
-7933
-7933
-13821
-13821
-8957
-8956
1044
5124
1044
5124
1115
23300
1115
23300
-26620
-26620
-17404
-17660
-15868
-15868
-22012
-22012
1148
31748
1148
31748
1085
15620
1086
15875
-2813
-2813
-20477
-20989
890
31235
890
31235
863
24323
863
24323
861
23811
862
24067
873
26883
873
26883
879
28419
879
28419
866
25091
867
25347
827
15107
827
15106
-1022
-766
-19966
-19966
608
24578
608
24578
529
4354
530
4609
-13823
-13823
-29183
-29439
25345
25345
18689
18689
14849
14849
13057
13057
8449
8705
-12544
-12544
-29184
-28928
18688
18688
2816
-655
-655
-697
-698
-738
-740
-907
-908
-940
-940
-971
-971
-999
-999
-1024
-1024
-1156
-1155
-1204
-1203
-1252
-1252
-1426
-1424
-1444
-1444
-1449
-1449
-1438
-1438
-1420
-1420
-1410
-1410
-1427
-1427
-1440
-1440
-1448
-1449
-1446
-1446
-1436
-1435
-1420
-1419
-1262
-1262
-1235
-1235
-1216
-1216
-1207
-1207
-1197
-1197
-1178
-1178
-1013
-1013
-966
-965
-920
-920
-764
-764
-734
-735
-710
-710
-683
-683
-648
-647
-4864
4864
5120
11520
11776
14592
14848
16640
16384
17920
18176
22784
22528
30976
30720
-25856
-25600
-17152
-17152
-10496
-10496
-4864
-5119
1793
2049
9985
10241
17665
17665
22273
22273
22017
22017
18945
18945
17409
17409
19457
19457
25089
25089
30977
30977
-30975
-30719
-29183
-28927
-26879
-26879
-20991
-21247
-12287
-12287
-4351
-4607
-1791
-1535
-5631
-5631
-13311
-13311
-18687
-18943
-17151
-17151
-9215
-9470
514
514
515
770
540
7170
540
7170
547
8962
547
8962
542
7682
542
7682
540
7170
541
7426
546
8706
546
8706
550
9730
551
9986
533
5378
532
5121
-7679
-7935
-25855
-25855
23553
23553
16385
16129
19713
19713
29441
29441
-26111
-26111
-22527
-22527
-25599
-25855
-31999
-32255
28417
28417
26369
26113
25089
24833
21249
21505
13825
13569
4865
4864
-1792
-2048
-4096
-4096
-768
-1023
3329
3329
4865
4864
-768
-768
-15104
-15360
29440
29696
8960
-7936
3840
3840
27392
27392
-13056
-13055
513
-4096
-4096
-21760
-21760
26368
26112
20480
20736
27136
27136
-29440
-29440
-29440
-29440
25600
25600
16384
16128
24832
24832
-7424
-7423
-24319
-24574
582
17922
581
17666
-30206
-30206
612
25602
613
25858
518
1538
518
1537
-20223
-20223
-29951
-29951
-31743
-31487
31745
32001
25089
25089
18945
18945
24065
24321
-17151
-16894
602
23042
602
23043
770
515
770
515
880
28675
879
28419
885
29955
885
29955
789
5379
790
5634
635
31490
634
31233
-5375
-5375
-23551
-23551
-17151
-17150
555
11010
554
10754
-15358
-15357
858
23043
858
23043
-13053
-13052
1044
5124
1045
5380
1075
13060
1076
13316
1074
12804
1074
12804
1030
1540
1031
1795
-23549
-23549
779
2819
779
2818
604
23554
604
23553
-8959
-8959
-10751
-10750
609
24834
609
24835
856
22531
857
22788
1122
25092
1122
25093
1306
6661
1306
6661
1360
20485
1360
20485
1293
3333
1293
3332
-30204
-30460
1026
516
1025
-27645
-27645
835
17155
835
17155
776
2051
777
2306
-5630
-5373
772
1027
771
771
870
26115
870
26115
-26108
-26108
-3580
-3836
-10492
-10492
1109
21764
1108
21507
-23805
-24061
777
2307
777
2306
-17662
-17662
-16126
-16125
773
1283
773
1283
867
25347
867
25347
-16381
-16636
1036
3076
1037
3332
1094
17924
1094
17924
1120
24580
1120
24580
1101
19716
1102
19972
1030
1540
1028
1027
-29949
-29693
768
-29182
-29182
606
24066
605
23810
638
32258
639
32514
-9726
-9725
833
16643
833
16643
-31485
-31741
-31229
-31485
841
18691
841
18690
-4094
-4094
-26366
-26622
598
22018
597
21762
548
9218
549
9473
-3071
-2815
-16639
-16639
-29439
-29695
27137
27137
25601
25857
26369
26625
22273
22529
7425
7424
-19968
-19712
14848
-709
-710
-757
-757
-764
-763
-748
-749
-755
-755
-996
-995
-1163
-1163
-1191
-1190
-1185
-1184
-1164
-1165
-1157
-1156
-1166
-1166
-1188
-1188
-1214
-1215
-1235
-1234
-1254
-1254
-1239
-1240
-1191
-1191
-1195
-1195
-1251
-1250
-1414
-1414
-1468
-1468
-1493
-1493
-1500
-1500
-1495
-1495
-1479
-1479
-1446
-1446
-1280
-1280
-1255
-1255
-1221
-1221
-1193
-1192
-1166
-1168
-1160
-1160
-1161
-1162
-989
-989
-953
-953
-936
-936
-934
-934
-934
-934
-922
-922
-745
-745
-698
-695
-649
-650
-6400
6656
6912
14848
14848
17920
18176
19968
19712
23552
23552
30208
30208
-29696
-29696
-29696
-29696
27904
28416
16640
16384
7424
7168
6912
6912
16640
16640
31744
32000
-19968
-19968
-12032
-12288
-10496
-10496
-10240
-10496
-8448
-8448
-4096
-4352
-768
-512
-1024
-1280
-5632
-5632
-10496
-10496
-11008
-11264
-5376
-4863
5377
5377
16129
15873
22785
22785
24065
24065
20225
20225
14849
14849
9729
9473
6913
6657
6913
6657
9729
9729
15105
15105
20481
20737
25601
25601
28417
28161
27905
27905
24577
24577
18433
18689
10241
9984
-512
-512
-11520
-11776
-19200
-19200
-20224
-19968
-13568
-13824
-4864
-5119
769
513
-2048
-1791
2305
2305
16385
16385
-29951
-29951
-15615
-15615
-14591
-14335
-24319
-24319
28929
29185
22529
22273
21761
21505
17409
17665
3073
3072
-19456
-19712
28928
28672
-29696
-29695
10241
9986
540
7170
541
7427
782
3587
782
3587
-25853
-25597
-25853
-26109
811
11011
811
11010
-29182
-29183
-1279
-1279
-31231
-31231
7937
7936
-14080
-14080
-22784
-22784
-7680
-7423
-27647
-27902
-24574
-24573
-18173
-18172
-31740
-31740
-18172
-18428
1092
17412
1091
17155
852
21507
851
21250
568
14338
569
14593
24321
24577
6145
6145
31745
31490
619
27394
617
26883
-26877
-27132
-20476
-20219
1404
31749
1404
31749
-8699
-8955
-12027
-12283
1371
23301
1372
23556
-31996
-31997
868
25603
868
25602
577
16642
577
16641
30721
30721
28417
28162
595
21250
595
21251
-3069
-3067
-10491
-10489
1881
22791
1881
22792
2052
1032
2051
775
-17657
-17402
-18938
-18939
1368
22533
1369
22788
1029
1284
1029
1282
619
27394
620
27650
615
26370
614
26114
-1790
-2044
1041
4356
1042
4613
1399
30469
1398
30214
-15610
-15609
-28921
-28665
-28409
-28154
-16122
-16123
1384
26629
1384
26627
-1277
-1534
-4350
-4350
-28670
-28414
-6398
-6397
-15357
-15356
-9468
-9467
-10747
-10746
1653
29958
1652
29702
-28922
-28666
1560
6150
1559
5893
1316
9221
1316
9219
-6141
-6398
-22014
-22271
-15359
-15615
31233
31233
-6399
-6398
-5630
-5628
1066
10756
1066
10757
1338
14853
1337
14597
-15611
-15611
-26363
-26364
-11004
-10749
-17661
-17662
-28158
-28159
-25855
-25856
-1792
-1792
-20224
-19968
-15616
-15615
6401
6401
-27647
-27646
521
2306
521
2306
572
15362
572
15362
521
2306
521
2305
28161
28160
-28928
-703
-702
-754
-754
-748
-748
-698
-698
-730
-730
-1156
-1156
-1212
-1212
-1208
-1208
-1160
-1159
-1153
-1154
-1263
-1264
-1510
-1510
-1526
-1526
-1196
-1196
-1192
-1191
-1276
-1276
-1428
-1428
-1753
-1754
-1703
-1703
-1260
-1260
-1185
-1185
-1192
-1192
-1272
-1272
-1498
-1498
-1518
-1518
-1424
-1424
-1178
-1178
-1009
-1009
-1160
-1160
-1233
-1233
-1271
-1271
-1246
-1246
-1153
-1154
-1023
-1023
-762
-762
-920
-919
-907
-908
-711
-711
-7424
2560
2816
13312
13312
23296
23552
29952
29696
28416
28416
18944
19200
7680
7680
3072
2816
10752
10496
28928
28928
-16640
-16640
-3328
-3328
-1024
-1024
-7680
-7680
-16896
-16896
-25088
-25088
-32768
-32512
23552
23552
12032
11776
1792
-768
7680
7936
24832
24832
-23808
-24064
-15616
-15616
-18688
-18688
-29696
-29696
23808
23552
14848
14848
10240
10240
8192
8448
7424
7424
8960
8704
13568
13824
20992
20992
26112
26368
24832
25088
15360
15616
768
-11008
-29952
-29951
3585
3585
10753
10752
-6656
-6656
-32256
-32256
12032
-17920
-3584
-3838
616
26626
615
26371
-25853
-25852
1063
9988
1063
9987
-2813
-2557
833
16643
832
16386
604
23554
603
23297
-31231
-31232
-8448
-8704
26368
26624
12544
12800
23808
23809
1281
1026
541
7426
541
7427
872
26627
873
26884
-32508
-32507
1296
4101
1296
4100
-5116
-5116
1055
7940
1056
8194
-3326
-3327
-15871
-15872
-4608
-4608
-15872
-15615
22273
22274
-32510
-32509
-5117
-5115
1333
13573
1332
13318
1557
5382
1557
5382
1655
30470
1654
30214
1621
21766
1621
21765
-16891
-16892
-17148
-17405
887
30467
888
30722
581
17666
582
17921
-26879
-26623
-11519
-11773
785
4355
786
4613
1286
1541
1287
1799
1817
6407
1816
6152
-22776
-22775
2379
19209
2379
19209
2305
2305
2065
4360
2067
4870
-10490
-10491
-24571
-24316
-26108
-26109
-5373
-5373
-16125
-15868
1091
17156
1092
17413
1387
27397
1387
27398
-2554
-2552
2146
25096
2147
25353
2354
12809
2355
13065
2334
7689
2334
7688
2097
12552
2097
12550
-13050
-13051
1389
27909
1388
27652
1143
30468
1144
30724
1055
7940
1055
7940
1119
24324
1119
24325
1291
2821
1292
3077
-3835
-3834
-11258
-11257
1909
29959
1910
30215
-22009
-22009
1871
20231
1871
20230
1641
26886
1642
27141
1327
12037
1327
12035
-5373
-5374
-2814
-3070
-28414
-28670
-10238
-9981
-21245
-21244
-14588
-14587
-17147
-17402
1594
14854
1595
15110
1558
5638
1558
5637
1372
23557
1372
23556
1099
19204
1098
18947
809
10499
808
10242
558
11778
558
11777
32257
32001
9217
9473
7937
8193
27137
26881
-8703
-8958
594
20994
595
21250
-27902
-28158
628
29698
628
29697
-4351
-4351
6657
6912
11008
-751
-752
-946
-945
-954
-954
-673
-674
-705
-705
-1223
-1222
-1279
-1279
-1222
-1222
-1189
-1188
-1202
-1201
-1273
-1273
-1487
-1487
-1517
-1518
-1493
-1492
-1496
-1496
-1526
-1526
-1690
-1690
-1720
-1721
-1737
-1737
-1726
-1727
-1683
-1683
-1528
-1528
-1469
-1469
-1451
-1450
-1472
-1472
-1515
-1515
-1505
-1505
-1473
-1473
-1451
-1451
-1436
-1435
-1419
-1419
-1271
-1272
-1257
-1258
-1234
-1234
-1193
-1193
-1011
-1011
-1000
-1001
-988
-988
-950
-951
-716
-716
-647
-648
-15360
3584
3328
25600
25344
-20736
-20480
-7168
-7168
-2816
-2816
-6656
-6656
-17664
-17408
-31744
-32000
20992
20992
14336
14592
15360
15360
20736
20480
25856
26112
28672
28672
30464
30720
-30720
-30976
-24320
-24320
-20224
-20224
-26112
-26112
21760
-2560
16640
16640
25856
25600
18944
18944
2560
-4352
10496
10496
20224
20224
12288
-4608
18688
18432
-8960
-8959
29441
29441
-13311
-13311
-10495
-10495
-22015
-22015
26369
26113
4353
4352
-27648
-15616
-7168
-7166
582
17922
582
17923
876
27651
876
27652
1026
516
1026
516
1036
3076
1036
3075
-14589
-14589
864
24579
865
24834
-9470
-9214
540
7170
539
6913
10753
10752
24832
24832
14336
14592
-3584
-3582
609
24834
609
24835
-2045
-1787
1318
9733
1319
9989
-24315
-24571
1386
27141
1385
26884
-16892
-16893
-10493
-10238
-6910
-6910
548
9218
549
9473
-11263
-11262
558
11778
558
11779
830
15875
830
15876
-13308
-13050
1638
26118
1639
26375
-25849
-26104
2074
6664
2074
6663
-10233
-10234
-2042
-2043
-21243
-21244
1083
15108
1082
14850
-6142
-6142
530
4610
528
4098
531
4866
532
5123
789
5379
789
5380
-7932
-7930
-4346
-4344
-26616
-26871
2410
27145
2411
27401
2389
21769
2389
21768
-30712
-30713
1880
22535
1879
22278
1546
2566
1546
2564
-9980
-9980
1025
1025
-15869
-16124
1090
16900
1090
16901
1393
28933
1393
28934
-3066
-2808
2116
17416
2116
17416
-5112
-5368
-17912
-17913
-9721
-9722
-21498
-21755
-28411
-28668
-14844
-14588
1128
26628
1128
26628
1146
31236
1146
31236
-1276
-1531
-11003
-10746
-12026
-12025
-26873
-26617
-12025
-12025
1877
21767
1877
21766
1603
17158
1603
17156
-6140
-6653
-24061
-23806
-15614
-15614
622
28162
622
28162
-23038
-23037
851
21251
850
20996
1082
14852
1082
14853
1309
7429
1308
7173
-18939
-18939
-12795
-12795
1375
24325
1375
24324
1151
32516
1151
32515
874
27139
874
27138
618
27138
617
26881
-19199
-19455
25601
25345
29953
29953
-17151
-17150
526
3586
527
3842
580
17410
581
17666
570
14850
570
14849
-6399
-6655
20737
20736
-29696
-1007
-1008
-1204
-1203
-1183
-1183
-1008
-1008
-922
-922
-908
-907
-1016
-1016
-1187
-1188
-1744
-1744
-1754
-1753
-1672
-1672
-1757
-1758
-1970
-1969
-2040
-2040
-2015
-2016
-1933
-1933
-1748
-1748
-1694
-1694
-1695
-1695
-1749
-1749
-1936
-1937
-1998
-1997
-2002
-2003
-1954
-1955
-1790
-1791
-1730
-1731
-1697
-1696
-1684
-1684
-1685
-1684
-1696
-1696
-1724
-1724
-1762
-1761
-1785
-1784
-1717
-1717
-1517
-1517
-1431
-1430
-1253
-1252
-1207
-1206
-1004
-1003
-973
-975
-945
-946
-914
-914
-755
-755
-717
-715
-669
-669
-1792
13568
13568
22016
22272
24576
24320
22528
22784
19200
19200
15616
15872
12288
12288
9472
9728
8960
8960
12288
12032
20992
20992
-30720
-30976
-16384
-16128
-4096
-3839
2049
1793
513
-7680
-7680
-20736
-20992
30208
30208
18432
18432
12288
12032
12544
12800
19712
19712
31744
32000
-17920
-17920
-512
14849
15105
23809
23809
24321
24065
18177
18177
12033
12289
10497
10753
14337
14337
19457
19713
21761
21761
20737
20993
22273
22529
31233
31233
-17919
-17919
-1791
-1790
528
4098
527
3841
-4607
-4863
-23807
-23807
24577
24833
19201
19201
22529
22785
24833
24833
14849
14848
-4608
-4864
-16896
-17152
-2816
-2815
-24319
-24318
-30974
-30973
836
17411
836
17411
-26621
-26877
-28413
-28157
873
26883
874
27139
841
18691
840
18435
798
7683
798
7682
-20478
-20479
-5375
-5375
1025
1024
27392
27648
-29696
-29695
31745
31746
-5374
-5372
1111
22276
1111
22277
1363
21253
1363
21253
-18939
-18939
-25339
-25083
1325
11525
1325
11524
-32764
-32509
-26621
-26366
-31486
-31487
-28415
-28415
5889
5889
23553
23554
608
24578
608
24579
-10237
-10235
1365
21765
1365
21766
1657
30982
1659
31495
1795
775
1795
774
-10234
-9978
1543
1798
1544
2052
-14332
-14333
-29949
-29950
-16126
-16382
-18174
-17917
-32253
-32252
-8956
-8698
1646
28166
1647
28423
-7673
-7416
-1528
-1527
-30199
-30199
2419
29449
2418
29192
-25848
-26105
1823
7943
1823
7941
1367
22277
1368
22531
-11005
-11005
813
11523
814
11779
-20989
-21499
1335
14085
1335
14087
1866
18951
1866
18953
2367
16137
2367
16138
-26358
-26101
2859
11019
2858
10762
-1526
-1526
2612
13322
2612
13321
2311
1801
2311
1799
-24313
-24314
1614
19974
1613
19717
1384
26629
1384
26629
1349
17669
1348
17413
1890
25095
1891
25352
-4088
-4086
2595
8970
2595
8970
-26870
-26870
2616
14346
2617
14601
2370
16905
2369
16648
2054
1544
2054
1542
-7162
-7418
1563
6918
1560
6149
-13819
-13562
1537
1537
-20986
-20985
-25337
-25592
-31736
-31735
2324
5129
2324
5129
2312
2057
2312
2056
2133
21768
2132
21511
1817
6407
1816
6149
-26363
-26364
1082
14852
1082
14851
845
19715
845
19715
772
1027
772
1027
867
25347
866
25092
1068
11268
1069
11525
1297
4357
1297
4357
-18683
-18683
-9467
-9723
1401
30981
1402
31236
-21500
-21245
-23549
-23550
-26366
-26367
-20991
-20992
-2048
-2048
-28928
-28928
30208
29952
-24064
-24320
-3840
-3583
8449
8448
-2304
-2304
22016
-655
-656
-735
-736
-683
-683
-1272
-1272
-1501
-1501
-1691
-1691
-1775
-1775
-1420
-1421
-1234
-1235
-1172
-1174
-2439
-2440
-2435
-2435
-2258
-2257
-1985
-1985
-2047
-2046
-2271
-2270
-2520
-2520
-2710
-2709
-2770
-2770
-2694
-2693
-2515
-2516
-2210
-2210
-2517
-2518
-2775
-2775
-2816
-2773
-2772
-2453
-2453
-2261
-2261
-2217
-2217
-2438
-2438
-2197
-2197
-1711
-1711
-1683
-1685
-1709
-1709
-1755
-1754
-1783
-1782
-1765
-1766
-1692
-1690
-1480
-1480
-1273
-1272
-1232
-1232
-1202
-1202
-1171
-1172
-972
-971
-908
-907
-736
-736
-689
-689
-658
-658
3584
3584
1536
-4096
9984
9984
22784
23040
-27136
-26880
-9728
-9727
7681
7681
21249
21249
26369
26113
20993
20993
11521
11521
4097
4097
3585
3585
8705
8961
13313
13057
14081
14337
14081
14081
19969
19969
-29951
-29951
-7935
-7934
548
9218
548
9218
564
13314
564
13314
526
3586
527
3841
-10239
-10239
-15615
-15615
-7423
-7422
547
8962
547
8962
597
21762
597
21762
597
21762
597
21762
559
12034
559
12034
535
5890
535
5890
570
14850
570
14850
-26622
-26622
-2558
-2813
770
515
769
-25598
-25855
-5631
-5631
22785
22529
18689
18433
-15871
-15870
635
31490
634
31235
775
1795
777
2307
826
14851
825
14595
825
14595
825
14595
857
22787
856
22531
-16637
-16636
1079
14084
1078
13828
1100
19460
1100
19459
-17661
-17406
-20990
-21247
-22015
-21759
18945
18945
-12287
-12285
768
769
1122
25092
1121
24837
-32251
-32506
1590
13830
1591
14086
-25082
-25082
-10490
-10234
-7674
-7674
-26362
-26619
-10747
-10748
-18428
-18173
-23549
-23549
777
2307
776
2051
822
13827
822
13828
1066
10756
1066
10757
-27131
-26873
1809
4359
1810
4616
2099
13064
2100
13320
-19704
-19704
2175
32520
2175
32519
-18937
-18682
-19962
-19451
-8955
-8699
1400
30725
1401
30981
-27387
-27386
1556
5126
1556
5126
-12538
-12281
-16121
-15864
-6136
-6390
2588
7178
2589
7435
2832
4107
2831
3851
2893
19723
2892
19466
-28662
-28919
2310
1545
2310
1543
1855
16135
1855
16133
-1531
-1531
-17403
-17402
-30714
-30713
-2041
-2295
2425
30985
2426
31242
-23286
-23541
2918
26123
2919
26379
-12789
-12533
-6901
-6645
-26101
-26102
-13046
-13047
-28151
-28408
2115
17160
2114
16903
1877
21767
1878
22023
1827
8967
1828
9223
-19449
-19192
-19448
-19447
-19959
-19702
2638
19978
2637
19722
2647
22282
2647
22281
-6903
-6903
2341
9481
2341
9480
2125
19720
2125
19719
-29433
-29433
1793
1792
-18170
-18170
-15098
-15097
1817
6407
1816
6151
-26105
-26104
2074
6664
2074
6664
2133
21768
2134
22024
2087
9992
2086
9735
-32505
-32250
1663
32518
1662
32261
1386
27141
1386
27140
-27132
-27388
1084
15364
1084
15364
1138
29188
1137
28933
1284
1029
1284
1029
-25595
-25595
-2555
-2555
-6139
-6395
1407
32517
1406
32260
-7420
-7420
1062
9732
1062
9731
858
23043
858
23042
-30462
-30463
-15359
-15359
15105
15105
769
769
4097
4097
14337
14337
13569
13568
-10752
-10496
6656
-714
-715
-702
-702
-663
-664
-1170
-1170
-1465
-1465
-1730
-1730
-1942
-1941
-2044
-2044
-1722
-1722
-1536
-1452
-1452
-1510
-1510
-1703
-1703
-1971
-1972
-2237
-2238
-2451
-2451
-2473
-2473
-2293
-2294
-2028
-2027
-2217
-2216
-2443
-2444
-2803
-2803
-2529
-2529
-2289
-2289
-2464
-2464
-2809
-2808
-2979
-2980
-2759
-2761
-2284
-2284
-2273
-2273
-2498
-2498
-2538
-2538
-2540
-2539
-2518
-2518
-2467
-2466
-2269
-2269
-2034
-2035
-1979
-1979
-1977
-1977
-2007
-2007
-2026
-2025
-2001
-2000
-1933
-1934
-1726
-1727
-1468
-1469
-1416
-1416
-1259
-1261
-1170
-1169
-938
-938
-746
-747
-746
-746
-760
-760
-767
-767
-748
-748
-697
-697
-22528
1024
1280
26368
26624
-14336
-14335
4609
4865
15105
15361
16385
16385
9729
9728
-1792
-1792
-12800
-12800
-19968
-19968
-22272
-22272
-20224
-20224
-14080
-14336
-3072
-3071
12289
12289
27649
27649
-29439
-29439
32257
32513
18945
19201
6913
6913
5889
5889
16897
16897
31233
31233
-27903
-27903
-31487
-31231
30465
30721
-27647
-27647
-8447
-8190
560
12290
561
12546
581
17666
582
17922
521
2306
521
2305
-24831
-24831
19201
18945
17153
17153
-28927
-28414
519
1794
519
1794
624
28674
624
28674
-24830
-24574
-30462
-30462
576
16386
576
16385
-6655
-6399
-22271
-22527
-25855
-25855
-17407
-17406
515
770
514
514
606
24066
606
24066
-12798
-13053
860
23555
860
23556
1034
2564
1034
2564
-17148
-16891
1337
14597
1337
14597
1324
11269
1324
11268
1139
29444
1139
29443
822
13827
823
14081
-4607
-4351
13825
13825
25345
25346
601
22786
601
22787
-21757
-21756
-6908
-7163
-8443
-8698
-18170
-18169
-29689
-29688
2092
11272
2092
11272
2094
11784
2094
11783
1848
14343
1847
14085
1392
28677
1392
28675
886
30211
886
30210
538
6658
537
6401
-4351
-4094
-2046
-2044
-16892
-17146
-25082
-24824
2069
5384
2069
5384
-4856
-5111
2347
11017
2347
11016
-6648
-6648
2117
17672
2117
17671
1884
23559
1883
23302
1614
19974
1615
20229
1380
25605
1380
25604
-4604
-4603
1338
14853
1338
14854
1637
25862
1638
26120
2108
15368
2108
15370
2623
16138
2623
16139
-10741
-10740
3188
29708
3188
29707
-6645
-6646
2651
23306
2653
23816
2142
24072
2142
24070
-26106
-25851
-27899
-27899
1403
31493
1403
31494
1588
13318
1588
13319
1901
27911
1902
28168
-10488
-10486
2620
15370
2621
15627
2924
27659
2923
27404
3123
13068
3122
12812
3157
21772
3156
21515
-25077
-25078
2595
8970
2596
9224
2117
17672
2118
17926
-24314
-24059
-12795
-13050
1538
518
1538
519
1799
1799
1799
1800
2138
23048
2139
23305
2417
28937
2417
28937
2567
1802
2567
1801
-23031
-22775
2304
2304
2086
9736
2086
9735
1836
11271
1837
11526
1610
18950
1611
19205
-13563
-13307
-6907
-7162
-27898
-27897
-29945
-30200
2129
20744
2129
20744
-30712
-30456
2055
1800
2056
2054
-3066
-2811
-19707
-19708
-25852
-25597
-6141
-5885
-23805
-23549
-22013
-22013
-11005
-10748
1035
2820
1036
3076
1078
13828
1077
13572
1106
20996
1107
21252
1108
21508
1107
21252
1055
7940
1055
7939
-23805
-24062
-14078
-14079
-21759
-21760
-26880
-19968
1024
1024
25600
25856
26368
-661
-660
-667
-667
-654
-654
-971
-970
-1020
-1019
-1962
-1961
-1944
-1944
-1778
-1777
-1429
-1429
-1456
-1454
-2248
-2249
-2465
-2464
-2504
-2504
-2482
-2481
-2252
-2252
-3035
-3033
-3045
-3044
-2744
-2744
-2506
-2507
-2494
-2494
-2519
-2519
-2558
-2557
-2796
-2797
-2702
-2701
-2482
-2482
-2292
-2292
-2189
-2189
-2179
-2179
-2218
-2217
-2252
-2252
-2260
-2260
-2239
-2238
-2214
-2214
-2194
-2195
-1965
-1966
-1519
-1519
-1496
-1496
-1189
-1189
-1009
-1009
-953
-953
-743
-742
-725
-725
-704
-705
-650
-649
-7168
5120
5120
12800
12544
14848
14592
12032
12032
8192
7936
6912
6912
9472
9728
15104
14848
20992
20992
26112
25856
28928
28928
29184
29184
24832
25088
14848
15360
1792
-6144
14848
15104
-20480
-20479
9473
9473
28417
28417
29441
29441
14849
14848
-5632
-5632
-19712
-19200
-20992
-20992
-14592
-14592
-9472
-9728
-10496
-10496
-11264
-11519
513
513
31489
31490
546
8706
546
8706
-23038
-23038
-18686
-18430
584
18434
584
18433
-28159
-28160
-3584
-3584
-20480
-20224
-12544
-12799
6657
6913
23297
23041
32257
32513
-24063
-24063
-7935
-8190
556
11266
556
11266
591
20226
592
20482
539
6914
539
6913
-25087
-25087
10241
9985
3073
3073
27137
27394
539
6914
539
6914
-9726
-9725
-31997
-31996
1045
5380
1045
5380
-30972
-31228
-19708
-19708
1119
24324
1118
24067
884
29699
884
29698
574
15874
573
15617
15361
15616
-6144
-5887
26625
26626
635
31490
635
31491
-16381
-16380
-4348
-4347
-3323
-3322
-9466
-9465
-28409
-28665
-12793
-13049
1863
18183
1862
17925
-5883
-5628
1053
7428
1052
7170
-27134
-27135
-2815
-2302
634
31234
633
30979
-11517
-11259
1394
29189
1394
29190
-10234
-10233
-13561
-13560
2116
17416
2116
17416
2133
21768
2134
22024
2049
2049
1873
20743
1873
20742
1649
28934
1649
28933
-24059
-24059
1334
13829
1335
14085
1380
25605
1379
25350
1577
10502
1575
9991
1889
24839
1888
24584
-14840
-14582
2561
2561
-14838
-14838
-10998
-10742
2587
6922
2588
7176
-14072
-14073
1856
16391
1857
16646
1549
3334
1549
3333
-25083
-24826
1556
5126
1557
5383
1851
15111
1851
15112
-22264
-22519
-2551
-2550
-4086
-4085
-30197
-30197
-18165
-18165
2930
29195
2931
29450
-22518
-22519
2420
29705
2420
29704
2092
11272
2093
11527
1851
15111
1851
15110
-4090
-4345
1879
22279
1879
22280
2088
10248
2088
10248
-760
-29687
-29687
-19191
-19191
-29175
-28919
2352
12297
2351
12040
-25336
-25337
-9465
-9209
1797
1287
1797
1286
1618
20998
1618
20998
1545
2310
1543
1798
1596
15366
1596
15366
-16890
-16633
1844
13319
1844
13319
1858
16903
1860
17414
-12282
-12282
1546
2566
1546
2565
1322
10757
1321
10500
1128
26628
1128
26627
-10493
-10493
878
28163
878
28163
816
12291
817
12547
804
9219
803
8963
834
16899
834
16899
-31997
-31997
-18173
-18173
-19197
-19197
866
25091
865
24834
-18430
-18431
-10239
-10240
-4096
-4352
5120
-745
-745
-996
-996
-1181
-1181
-1232
-1232
-1258
-1259
-1280
-1279
-1514
-1513
-1769
-1770
-1950
-1949
-2002
-2002
-2217
-2218
-2234
-2235
-2221
-2221
-2213
-2213
-2242
-2242
-2517
-2517
-2728
-2728
-2733
-2733
-2700
-2700
-2534
-2533
-2505
-2505
-2490
-2491
-2488
-2488
-2486
-2487
-2477
-2477
-2456
-2456
-2260
-2260
-2220
-2219
-2193
-2193
-2039
-2038
-1985
-1985
-1923
-1924
-1739
-1740
-1680
-1681
-1535
-1535
-1511
-1512
-1495
-1494
-1470
-1470
-1418
-1418
-1255
-1255
-1168
-1168
-1008
-1009
-975
-975
-926
-926
-710
-710
-11264
3584
3072
9728
9728
4864
-14848
4608
4864
25600
25600
-25344
-25856
-20992
-20736
-23296
-23296
-26112
-26112
-24320
-24320
-17664
-17664
-9984
-9984
-8448
-8448
-16128
-15872
-29696
-29696
22272
22272
17152
17152
23552
23296
-27392
-27136
-12288
-12288
-4608
-4352
-5888
-5888
-11776
-11776
-14080
-13824
-6144
-6143
10753
10497
28417
28161
-29695
-29695
29185
29185
11521
11520
-6656
-6400
-14080
-14080
-8192
-7935
6401
6657
20225
19969
26625
26625
28161
28161
31233
31233
-25087
-25343
-13055
-13055
-8447
-8447
-22527
-22527
11777
11776
-23552
-23296
25600
25600
-19456
-19455
-28415
-28414
-18430
-18429
-14589
-14588
1146
31236
1146
31236
-14844
-15100
-15868
-15868
1151
32516
1151
32515
-2301
-2301
781
3331
781
3329
-11519
-11776
-25856
-8960
3584
3585
21505
21251
879
28419
878
28165
-9467
-9465
2399
24329
2399
24329
-14583
-14839
2357
13577
2357
13575
-8953
-8954
1561
6406
1562
6660
1084
15364
1084
15362
-21246
-20991
-14335
-14335
-11263
-11006
-2046
-2043
1303
5893
1303
5895
-15353
-15350
2653
23818
2652
23564
3113
10508
3112
10252
-23540
-23541
-18677
-18679
-19703
-19705
1871
20231
1870
19973
1362
20997
1362
20996
1097
18692
1098
18948
1143
30468
1143
30469
-16379
-16377
-12537
-12790
2617
14602
2617
14604
-30196
-30194
3644
15374
3645
15630
-8178
-8178
3622
9742
3622
9740
3107
8972
3107
8969
2391
22281
2391
22278
-29178
-29436
-20988
-20732
1107
21252
1108
21509
-26107
-26104
2082
8712
2083
8971
2874
14859
2874
14862
3600
4110
3601
4368
4106
2576
4106
2576
-15856
-15600
4123
6928
4124
7182
3656
18446
3656
18443
-22261
-22264
-8696
-8442
-26106
-25851
1394
29189
1394
29189
-20731
-20985
1848
14343
1847
14089
-30455
-30453
-4853
-5107
-20211
-20210
3660
19470
3660
19469
-23027
-23029
-3317
-3063
-19703
-19449
-32249
-32251
-6651
-6651
1323
11013
1322
10757
1381
25861
1381
25862
1635
25350
1636
25607
-15097
-15095
2334
7689
2335
7945
-5111
-4855
-10487
-10232
-18168
-18426
-22266
-22524
1068
11268
1067
11009
-3839
-3584
-26112
-26112
30720
30721
20993
20482
-28414
-28669
-21757
-21756
1094
17924
1094
17924
1117
23812
1117
23811
778
2563
778
2561
25857
-1452
-1452
-1162
-1163
-1258
-1258
-1468
-1468
-1694
-1694
-1956
-1955
-2223
-2224
-2459
-2459
-2030
-2029
-2285
-2284
-2553
-2553
-2790
-2791
-2972
-2971
-2805
-2804
-2755
-2755
-2734
-2734
-2747
-2748
-2788
-2789
-3041
-3041
-3223
-3223
-3214
-3213
-2745
-2744
-2696
-2696
-2993
-2994
-2949
-2949
-2750
-2750
-2479
-2478
-2473
-2473
-2529
-2530
-2505
-2505
-2214
-2214
-2046
-2047
-1933
-1933
-1784
-1784
-1778
-1778
-1786
-1786
-1791
-1791
-1754
-1753
-1511
-1511
-1237
-1237
-1191
-1191
-1212
-1211
-1270
-1271
-1237
-1238
-1021
-1021
-944
-943
-692
-691
12288
12288
21760
21760
23040
23296
18176
18432
12800
13312
15872
15616
30464
30208
-14848
-14847
-512
-512
-17152
-17152
28672
28416
20736
20736
30464
30208
-17408
-17408
-9472
-9728
-20224
-19968
25344
25344
15616
15360
29696
29696
-3072
-3327
26369
26881
-32511
-32511
13313
13056
-19712
-19712
19200
18944
6656
6656
4608
4864
2816
-3328
16640
16640
-23040
-22784
-3072
-3071
-12544
-12544
-30720
-30720
19456
19712
9216
9216
1536
-1536
13312
13568
-28928
-29184
-11264
-11520
-15872
-16128
22272
-13824
20736
20481
26369
26114
-19198
-19453
-7933
-8188
-16892
-16891
1358
19973
1358
19973
-26619
-26363
1400
30725
1399
30468
-19708
-19709
823
14083
824
14337
17153
-14590
552
10242
552
10245
1379
25349
1378
25096
-24056
-24053
2870
13835
2870
13836
-17652
-17651
3337
2317
3337
2316
3111
9996
3112
10250
2596
9226
2595
8967
1878
22023
1877
21764
1116
23556
1117
23809
-1023
-1024
-1280
-1535
-15871
-15868
1089
16644
1089
16647
-5881
-6133
-10997
-10737
3850
2575
3850
2576
-16624
-16368
-31216
-31218
-31986
-31989
2915
25355
2915
25352
2067
4872
2067
4869
-24571
-24316
-16892
-16635
-24059
-23800
2060
3080
2060
3083
2910
24075
2910
24078
-10482
-10223
-15599
-15597
4982
30227
4982
30227
4969
26899
4969
26897
4469
29969
4469
29965
-7411
-7415
-24311
-24315
-3579
-3324
1030
1540
1029
1284
-31996
-31993
1860
17415
1859
17163
2921
26891
2922
27151
-14833
-14829
4927
16147
4926
15893
5386
2581
5386
2580
-6124
-6382
-3566
-3313
-24049
-24309
-19445
-19448
2058
2568
2058
2565
-31483
-31228
-13308
-13306
1540
1030
1540
1032
-14072
-14324
3137
16652
3137
16655
3921
20751
3922
21009
4379
6929
4379
6929
4390
9745
4390
9743
3962
31247
3962
31244
-22004
-22263
2422
30217
2421
29958
-21754
-21756
-4092
-4092
-27132
-26875
-30459
-30201
1891
25351
1891
25353
2407
26377
2407
26378
-10742
-10741
2852
9227
2853
9482
2568
2058
2568
2055
-15865
-15868
-9468
-9214
515
770
515
-30207
7169
7683
814
11779
814
11780
-1532
-1531
-10747
-10747
1353
18693
1353
18691
871
26371
871
26368
-23808
-1257
-1258
-1675
-1674
-1739
-1739
-1479
-1479
-703
-704
-1700
-1700
-2294
-2295
-2767
-2766
-3001
-3001
-2961
-2961
-2710
-2711
-1959
-1960
-2021
-2022
-2269
-2270
-3460
-3460
-3511
-3510
-2535
-2536
-3239
-3239
-3581
-3582
-3829
-3829
-3812
-3811
-3563
-3563
-3243
-3241
-2718
-2718
-2733
-2733
-2956
-2956
-3238
-3238
-3480
-3480
-3496
-3497
-3233
-3232
-2523
-2522
-2277
-2276
-2182
-2182
-2228
-2227
-2729
-2729
-2748
-2748
-1772
-1772
-1786
-1786
-2026
-2026
-2183
-2183
-1969
-1970
-1751
-1751
-1517
-1517
-1173
-1173
-1220
-1219
-1265
-1266
-917
-917
-757
-756
-512
-18944
11264
11264
27904
27904
23808
23552
-7168
15872
16128
28672
28928
27392
27648
10496
-11520
4864
4864
19968
19968
28160
28160
21248
-768
31232
31233
-31743
-31742
-9726
-9724
1037
3332
1036
3076
-15100
-15100
-764
-1020
-764
-2300
-2556
-24060
-24317
-20221
-20222
581
17666
581
17665
1537
1280
-17152
-17407
-3071
-3068
-28924
-28665
-11257
-11254
-9206
-9204
-2548
-2803
-8435
-8435
-17651
-17652
-20724
-20214
-6646
-6648
-26616
-26362
1558
5638
1558
5636
1033
2308
1033
2307
826
14851
825
14596
1078
13828
1079
14087
1806
3591
1805
3339
2849
8459
2849
8463
3922
21007
3922
21010
4728
30738
4729
30995
-17133
-16878
-6638
-6384
4210
29200
4210
29197
3374
11789
3373
11530
2594
8714
2594
8712
2094
11784
2095
12039
-12281
-12279
2343
9993
2344
10251
-4085
-4081
-27377
-27117
4953
22803
4954
23062
5737
26902
5737
26903
-3305
-3561
6002
29207
6003
29460
-12524
-12272
-28400
-28405
-9717
-9976
2058
2568
2058
2566
1629
23814
1631
24327
1899
27399
1899
27402
-7414
-7409
-19953
-19692
5237
29972
5238
30231
-7145
-7143
6460
15385
6460
15384
6229
21784
6229
21781
5489
28949
5488
28689
4407
14097
4406
13836
-31476
-31736
2142
24072
2142
24069
-15355
-15099
1377
24837
1377
24839
1848
14343
1849
14602
-21750
-21746
-31474
-31215
-32239
-32238
-16366
-16111
-7407
-7153
3912
18447
3911
18187
-21237
-21241
-4089
-4092
-6140
-6141
818
12803
820
13315
785
4355
785
4356
1137
28932
1137
28934
-15098
-15095
2345
10505
2344
10250
-16374
-16118
-12022
-11767
2354
12809
2354
12806
1604
17414
1604
17410
-19966
-700
-700
-13056
4096
3842
-28670
-28668
1125
25860
1125
25860
-9212
-9213
-13565
-13311
-29439
-1757
-1756
-2190
-2190
-1772
-1772
-1256
-1257
-695
-695
-918
-918
-1475
-1475
-2201
-2202
-3506
-3507
-2715
-2715
-2274
-2273
-3029
-3030
-3513
-3512
-4252
-4251
-4078
-4077
-3762
-3762
-3211
-3210
-4296
-4296
-4248
-4249
-4075
-4075
-3819
-3819
-3528
-3529
-3277
-3279
-3571
-3570
-2805
-2806
-2517
-2516
-2967
-2967
-3043
-3042
-3009
-3009
-1922
-1921
-1994
-1994
-2031
-2031
-1991
-1991
-1410
-1409
-1196
-1196
-1003
-1004
-1202
-1202
-1262
-1262
-916
-916
-697
-696
-512
-512
-9216
7424
-16384
5888
6144
9984
-9984
2304
2048
31488
31744
-8960
-8960
-14592
-14592
18432
-7680
13568
13569
-27647
-27645
-20477
-20475
-12795
-12537
1865
18695
1864
18439
-8953
-9209
-16633
-16633
1865
18695
1865
18694
-30970
-30971
1362
20997
1362
20995
-25341
-25599
-17919
-17920
-25600
-25343
12289
12291
-13565
-13305
-8953
-8948
3105
8460
3105
8463
3931
23311
3931
23312
-5104
-5104
-12528
-12529
3942
26127
3941
25869
3345
4365
3346
4618
2571
2826
2571
2822
-13050
-13052
1046
5636
1047
5890
-11262
-11005
-13309
-13305
1808
4103
1808
4107
-6901
-6639
4357
1297
4357
1301
5382
1557
5382
1558
-7914
-7914
5702
17942
5702
17939
4986
31251
4986
31247
3943
26383
3943
26379
2869
13579
2870
13832
2059
2824
2059
2822
-9466
-9208
2059
2824
2060
3083
2900
21515
2901
21775
-7409
-7404
-25324
-25320
6249
26904
6251
27418
-29158
-29158
-29414
-29416
6222
19992
6222
19988
5164
11284
5163
11022
-1010
-1270
2604
11274
2605
11527
1856
16391
1856
16391
1865
18695
1865
18698
2661
25866
2661
25871
-24561
-24555
5451
19221
5451
19225
-16359
-16357
-7397
-7397
7004
23579
7002
23064
-26600
-26860
5204
21524
5204
21519
3967
32527
3967
32523
2834
4619
2833
4359
-1017
-1274
-1018
-1016
2144
24584
2143
24331
-21749
-22001
-16369
-16365
4924
15379
4925
15636
-4844
-4588
5222
26132
5223
26385
-6383
-6642
3625
10510
3624
10250
2607
12042
2607
12038
-8698
-8444
-8188
-8444
-28924
-28667
-13307
-13304
2053
1288
2052
1034
2673
28938
2673
28940
3104
8204
3105
8460
3184
28684
3185
28939
2835
4875
2835
4872
2081
8456
2081
8452
1096
18436
1097
18688
32000
-16128
5120
4866
-16638
-16380
-25596
-25596
-2300
-2557
-20989
-20991
5377
-2027
-2027
-2469
-2469
-2446
-2445
-1995
-1995
-1417
-1417
-932
-932
-757
-757
-1714
-1714
-4014
-4014
-3980
-3980
-3547
-3547
-3047
-3047
-3792
-3791
-4818
-4818
-4255
-4255
-3784
-3783
-3500
-3500
-3774
-3774
-4083
-4082
-4345
-4346
-4511
-4511
-4560
-4561
-4258
-4258
-3238
-3238
-3996
-3995
-4231
-4231
-4242
-4241
-4000
-3999
-3566
-3566
-2448
-2448
-2475
-2474
-3023
-3023
-3034
-3035
-2746
-2746
-2038
-2039
-1957
-1958
-2243
-2243
-2263
-2262
-2197
-2197
-1679
-1679
-1463
-1463
-1253
-1254
-1967
-1968
-1952
-1952
-1770
-1771
-1497
-1497
-1226
-1227
-1014
-1013
-924
-924
-1231
-1230
-1201
-1201
-900
-900
-661
-661
-704
-704
-718
-718
-701
-700
-731
-732
-1003
